Serial,Latitude,Longitude,Postcode,Socket Name,Status
487,51.610680,-0.424619,HA6 2XW,Socket 1,0
487,51.610680,-0.424619,HA6 2XW,Socket 2,0
268,52.042645,-0.749901,MK9 3JT,Socket 1,0
268,52.042645,-0.749901,MK9 3JT,Socket 2,0
437,52.073700,-1.023320,NN12 8GX,Socket 1,0
437,52.073700,-1.023320,NN12 8GX,Socket 2,0
288,51.467293,0.080035,DA16 3RP,Socket 1,2
288,51.467293,0.080035,DA16 3RP,Socket 2,2
274,52.042831,-0.760908,MK9 2AD,Socket 1,0
274,52.042831,-0.760908,MK9 2AD,Socket 2,0
267,52.042854,-0.760851,MK9 2AD,Socket 1,0
267,52.042854,-0.760851,MK9 2AD,Socket 2,0
276,52.039642,-0.756875,MK9 3DH,Socket 1,0
276,52.039642,-0.756875,MK9 3DH,Socket 2,0
263,52.042797,-0.759231,MK9 2AD,Socket 1,1
263,52.042797,-0.759231,MK9 2AD,Socket 2,1
359,52.042614,-0.749961,MK9 3JT,Socket 1,0
359,52.042614,-0.749961,MK9 3JT,Socket 2,0
336,52.042648,-0.749860,MK9 3JT,Socket 1,0
336,52.042648,-0.749860,MK9 3JT,Socket 2,0
1297,52.042831,-0.759155,MK9 2AD,Socket 1,1
1297,52.042831,-0.759155,MK9 2AD,Socket 2,1
1432,51.517899,-0.145613,W1G 9HF,Socket 1,0
1432,51.517899,-0.145613,W1G 9HF,Socket 2,0
1410,51.517899,-0.145623,W1G 9HF,Socket 1,1
1410,51.517899,-0.145623,W1G 9HF,Socket 2,0
1407,51.517899,-0.145633,W1G 9HF,Socket 1,0
1407,51.517899,-0.145633,W1G 9HF,Socket 2,1
1395,51.517899,-0.145643,W1G 9HF,Socket 1,1
1395,51.517899,-0.145643,W1G 9HF,Socket 2,1
1375,51.517899,-0.145653,W1G 9HF,Socket 1,0
1375,51.517899,-0.145653,W1G 9HF,Socket 2,0
1360,51.517899,-0.145663,W1G 9HF,Socket 1,0
1360,51.517899,-0.145663,W1G 9HF,Socket 2,1
1355,51.517899,-0.145673,W1G 9HF,Socket 1,0
1355,51.517899,-0.145673,W1G 9HF,Socket 2,0
1294,51.517899,-0.145683,W1G 9HF,Socket 1,0
1294,51.517899,-0.145683,W1G 9HF,Socket 2,0
1285,51.517899,-0.145693,W1G 9HF,Socket 1,1
1285,51.517899,-0.145693,W1G 9HF,Socket 2,1
1283,51.517899,-0.145703,W1G 9HF,Socket 1,0
1283,51.517899,-0.145703,W1G 9HF,Socket 2,0
1273,51.517899,-0.145713,W1G 9HF,Socket 1,1
1273,51.517899,-0.145713,W1G 9HF,Socket 2,0
1186,51.517899,-0.145723,W1G 9HF,Socket 1,1
1186,51.517899,-0.145723,W1G 9HF,Socket 2,0
1364,51.509300,-0.156662,W1K 7TY,Socket 1,1
1364,51.509300,-0.156662,W1K 7TY,Socket 2,0
1286,51.509300,-0.156662,W1K 7TY,Socket 1,0
1286,51.509300,-0.156662,W1K 7TY,Socket 2,0
1276,51.509300,-0.156662,W1K 7TY,Socket 1,0
1276,51.509300,-0.156662,W1K 7TY,Socket 2,0
1389,51.509300,-0.156662,W1K 7TY,Socket 1,0
1389,51.509300,-0.156662,W1K 7TY,Socket 2,0
1400,51.509300,-0.156662,W1K 7TY,Socket 1,0
1400,51.509300,-0.156662,W1K 7TY,Socket 2,0
1290,51.509300,-0.156662,W1K 7TY,Socket 1,0
1290,51.509300,-0.156662,W1K 7TY,Socket 2,0
1397,51.509300,-0.156662,W1K 7TY,Socket 1,0
1397,51.509300,-0.156662,W1K 7TY,Socket 2,1
1409,51.509300,-0.156662,W1K 7TY,Socket 1,0
1409,51.509300,-0.156662,W1K 7TY,Socket 2,0
1363,51.509300,-0.156662,W1K 7TY,Socket 1,0
1363,51.509300,-0.156662,W1K 7TY,Socket 2,0
1671,51.702900,-0.614182,HP5 1LF,Socket 1,2
1671,51.702900,-0.614182,HP5 1LF,Socket 2,2
1368,51.507099,-0.130117,SW1A 2TS,Socket 1,0
1368,51.507099,-0.130117,SW1A 2TS,Socket 2,1
1356,51.507099,-0.130118,SW1A 2TS,Socket 1,0
1356,51.507099,-0.130118,SW1A 2TS,Socket 2,0
1396,51.507099,-0.130060,SW1A 2TS,Socket 1,2
1396,51.507099,-0.130060,SW1A 2TS,Socket 2,1
1373,51.507099,-0.130086,SW1A 2TS,Socket 1,0
1373,51.507099,-0.130086,SW1A 2TS,Socket 2,0
758,51.514145,-0.137053,W1F 7NQ,Socket 1,2
758,51.514145,-0.137053,W1F 7NQ,Socket 2,2
1235,51.514153,-0.137007,W1F 7NQ,Socket 1,1
1235,51.514153,-0.137007,W1F 7NQ,Socket 2,0
1357,51.534199,-0.173000,NW8 6AA,Socket 1,0
1357,51.534199,-0.173000,NW8 6AA,Socket 2,1
784,51.534100,-0.173083,NW8 6AA,Socket 1,0
784,51.534100,-0.173083,NW8 6AA,Socket 2,1
1537,51.500301,-0.156700,SW1X 8EA,Socket 1,0
1537,51.500301,-0.156700,SW1X 8EA,Socket 2,0
1406,51.497700,-0.126441,SW1P 3RX,Socket 1,0
1406,51.497700,-0.126441,SW1P 3RX,Socket 2,0
171,51.497700,-0.126442,SW1P 3RX,Socket 1,0
171,51.497700,-0.126442,SW1P 3RX,Socket 2,0
1336,51.497700,-0.126443,SW1P 3RX,Socket 1,0
1336,51.497700,-0.126443,SW1P 3RX,Socket 2,0
580,51.455723,-0.195525,SW18 4BZ,Socket 1,2
580,51.455723,-0.195525,SW18 4BZ,Socket 2,0
540,51.502029,-0.087261,SE1 3RU,Socket 1,1
540,51.502029,-0.087261,SE1 3RU,Socket 2,1
212,51.501995,-0.087274,SE1 3RU,Socket 1,0
212,51.501995,-0.087274,SE1 3RU,Socket 2,0
477,51.506401,-0.585820,SL1 1QE,Socket 1,0
477,51.506401,-0.585820,SL1 1QE,Socket 2,0
438,51.507801,-0.595300,SL1 1XS,Socket 1,0
438,51.507801,-0.595300,SL1 1XS,Socket 2,1
378,51.748161,-1.235562,OX4 1EE,Socket 1,0
378,51.748161,-1.235562,OX4 1EE,Socket 2,0
330,51.408001,-0.304650,KT1 2BA,Socket 1,0
330,51.408001,-0.304650,KT1 2BA,Socket 2,0
110,51.101849,-2.184950,BA12 6AQ,Socket 1,0
110,51.101849,-2.184950,BA12 6AQ,Socket 2,0
164,51.516201,-0.157996,W1H 7BG,Socket 1,0
164,51.516201,-0.157996,W1H 7BG,Socket 2,1
178,51.511002,-0.146166,W1K 3QQ,Socket 1,1
178,51.511002,-0.146166,W1K 3QQ,Socket 2,1
181,51.516102,-0.157942,W1H 7BG,Socket 1,2
181,51.516102,-0.157942,W1H 7BG,Socket 2,2
183,51.794102,-1.284160,OX2 8JD,Socket 1,0
183,51.794102,-1.284160,OX2 8JD,Socket 2,0
193,51.506821,-0.416031,UB3 3NB,Socket 1,0
193,51.506821,-0.416031,UB3 3NB,Socket 2,2
206,51.462399,-0.302488,TW9 1DN,Socket 1,2
206,51.462399,-0.302488,TW9 1DN,Socket 2,2
284,51.407600,-0.304260,KT1 2BA,Socket 1,1
284,51.407600,-0.304260,KT1 2BA,Socket 2,1
287,51.492199,-0.150014,SW1W 9QL,Socket 1,2
287,51.492199,-0.150014,SW1W 9QL,Socket 2,2
292,51.492298,-0.150220,SW1W 9QL,Socket 1,1
292,51.492298,-0.150220,SW1W 9QL,Socket 2,0
302,51.593929,-0.262256,NW9 0AS,Socket 1,0
302,51.593929,-0.262256,NW9 0AS,Socket 2,0
312,51.482815,-0.454033,UB7 0DU,Socket 1,0
312,51.482815,-0.454033,UB7 0DU,Socket 2,0
313,51.754662,-1.289122,OX2 0HP,Socket 1,0
313,51.754662,-1.289122,OX2 0HP,Socket 2,0
314,51.495201,-0.015738,E14 9GL,Socket 1,0
314,51.495201,-0.015738,E14 9GL,Socket 2,1
1515,51.513966,-0.472023,UB7 8EY,Socket 1,0
1515,51.513966,-0.472023,UB7 8EY,Socket 2,0
863,53.427559,-1.486815,S5 8NH,Socket 1,0
863,53.427559,-1.486815,S5 8NH,Socket 2,0
816,55.913921,-4.216193,G64 2PT,Socket 1,0
816,55.913921,-4.216193,G64 2PT,Socket 2,0
800,53.389599,-3.029140,CH41 6EB,Socket 1,0
800,53.389599,-3.029140,CH41 6EB,Socket 2,0
744,53.389400,-3.029090,CH41 6EB,Socket 1,0
744,53.389400,-3.029090,CH41 6EB,Socket 2,0
741,53.074200,-0.812121,NG24 1XG,Socket 1,0
741,53.074200,-0.812121,NG24 1XG,Socket 2,0
1584,53.468899,-2.345970,M41 7ZA,Socket 1,0
1584,53.468899,-2.345970,M41 7ZA,Socket 2,1
1596,53.468498,-2.345870,M41 7ZA,Socket 1,0
1596,53.468498,-2.345870,M41 7ZA,Socket 2,1
646,51.524200,-3.242475,CF14 7EW,Socket 1,2
646,51.524200,-3.242475,CF14 7EW,Socket 2,2
551,52.193401,-2.217580,WR1 2DA,Socket 1,0
551,52.193401,-2.217580,WR1 2DA,Socket 2,1
530,52.567863,-2.036223,WS10 8UZ,Socket 1,0
530,52.567863,-2.036223,WS10 8UZ,Socket 2,0
492,54.340916,-7.634006,BT74 6JF,Socket 1,0
492,54.340916,-7.634006,BT74 6JF,Socket 2,0
300,51.564899,-0.275820,HA9 9EX,Socket 1,0
300,51.564899,-0.275820,HA9 9EX,Socket 2,0
295,51.411152,-0.289593,KT2 6QL,Socket 1,0
295,51.411152,-0.289593,KT2 6QL,Socket 2,1
279,57.805901,-4.048250,IV19 1NZ,Socket 1,0
279,57.805901,-4.048250,IV19 1NZ,Socket 2,0
1914,51.457199,0.141905,DA6 7BN,Socket 1,0
1914,51.457199,0.141905,DA6 7BN,Socket 2,0
1909,51.457401,0.142189,DA6 7BN,Socket 1,1
1909,51.457401,0.142189,DA6 7BN,Socket 2,1
1908,51.760616,-3.791097,SA9 2DE,Socket 1,0
1908,51.760616,-3.791097,SA9 2DE,Socket 2,0
1907,50.818039,-0.458723,BN12 6PN,Socket 1,0
1907,50.818039,-0.458723,BN12 6PN,Socket 2,0
1905,53.416069,-1.057781,DN11 8AB,Socket 1,0
1905,53.416069,-1.057781,DN11 8AB,Socket 2,0
1897,54.657799,-1.673088,DL14 7LB,Socket 1,0
1897,54.657799,-1.673088,DL14 7LB,Socket 2,0
1885,50.792065,-1.129849,PO12 1SH,Socket 1,0
1885,50.792065,-1.129849,PO12 1SH,Socket 2,2
1875,56.642200,-2.888740,DD8 2AE,Socket 1,2
1875,56.642200,-2.888740,DD8 2AE,Socket 2,0
165,52.569401,-0.244617,PE1 1ET,Socket 1,1
165,52.569401,-0.244617,PE1 1ET,Socket 2,1
1627,52.530499,-2.029010,DY4 7HW,Socket 1,0
1627,52.530499,-2.029010,DY4 7HW,Socket 2,1
1616,56.406055,-3.444006,PH1 5AP,Socket 1,0
1616,56.406055,-3.444006,PH1 5AP,Socket 2,0
1613,51.407887,-0.168518,CR4 3EB,Socket 1,2
1613,51.407887,-0.168518,CR4 3EB,Socket 2,1
1603,52.530319,-2.028823,DY4 7HW,Socket 1,1
1603,52.530319,-2.028823,DY4 7HW,Socket 2,0
1602,55.615101,-2.802100,TD1 2AG,Socket 1,0
1602,55.615101,-2.802100,TD1 2AG,Socket 2,0
1601,53.792561,-1.789223,BD7 2QX,Socket 1,0
1601,53.792561,-1.789223,BD7 2QX,Socket 2,0
1598,51.795300,-3.178750,NP23 4SL,Socket 1,0
1598,51.795300,-3.178750,NP23 4SL,Socket 2,0
1595,55.786888,-3.990322,ML1 1YR,Socket 1,0
1595,55.786888,-3.990322,ML1 1YR,Socket 2,0
1587,53.480701,-2.604640,WA3 3SP,Socket 1,0
1587,53.480701,-2.604640,WA3 3SP,Socket 2,0
1591,56.405994,-3.444124,PH1 5AP,Socket 1,0
1591,56.405994,-3.444124,PH1 5AP,Socket 2,0
1589,50.818096,-0.458731,BN12 6PN,Socket 1,2
1589,50.818096,-0.458731,BN12 6PN,Socket 2,2
1588,55.786812,-3.990180,ML1 1YR,Socket 1,0
1588,55.786812,-3.990180,ML1 1YR,Socket 2,0
1586,52.569401,-0.244617,PE1 1ET,Socket 1,0
1586,52.569401,-0.244617,PE1 1ET,Socket 2,1
1581,52.592781,-2.128997,WV1 4DE,Socket 1,0
1581,52.592781,-2.128997,WV1 4DE,Socket 2,1
1579,51.767097,-3.341540,CF48 2YF,Socket 1,0
1579,51.767097,-3.341540,CF48 2YF,Socket 2,0
1573,51.794998,-3.178580,NP23 4SL,Socket 1,0
1573,51.794998,-3.178580,NP23 4SL,Socket 2,0
1572,53.792614,-1.789202,BD7 2QX,Socket 1,0
1572,53.792614,-1.789202,BD7 2QX,Socket 2,0
1566,53.515678,-1.102712,DN4 5NW,Socket 1,0
1566,53.515678,-1.102712,DN4 5NW,Socket 2,1
1560,55.886021,-3.690350,EH48 3LP,Socket 1,0
1560,55.886021,-3.690350,EH48 3LP,Socket 2,0
1552,50.334663,-4.773907,PL25 4PR,Socket 1,0
1552,50.334663,-4.773907,PL25 4PR,Socket 2,0
1550,51.309200,-0.221540,KT20 5NZ,Socket 1,1
1550,51.309200,-0.221540,KT20 5NZ,Socket 2,1
1549,50.334702,-4.773926,PL25 4PR,Socket 1,2
1549,50.334702,-4.773926,PL25 4PR,Socket 2,2
1547,51.308800,-0.222553,KT20 5NZ,Socket 1,2
1547,51.308800,-0.222553,KT20 5NZ,Socket 2,1
1543,53.408920,-2.629432,WA5 8UG,Socket 1,0
1543,53.408920,-2.629432,WA5 8UG,Socket 2,1
1541,53.408882,-2.629443,WA5 8UG,Socket 1,0
1541,53.408882,-2.629443,WA5 8UG,Socket 2,0
1528,50.792053,-1.129949,PO12 1SH,Socket 1,0
1528,50.792053,-1.129949,PO12 1SH,Socket 2,0
1526,55.913857,-4.216296,G64 2PT,Socket 1,0
1526,55.913857,-4.216296,G64 2PT,Socket 2,0
1521,50.863167,0.257884,BN27 1DP,Socket 1,2
1521,50.863167,0.257884,BN27 1DP,Socket 2,2
1514,52.592701,-2.128750,WV1 4DE,Socket 1,0
1514,52.592701,-2.128750,WV1 4DE,Socket 2,0
135,53.074120,-0.812129,NG24 1XG,Socket 1,0
135,53.074120,-0.812129,NG24 1XG,Socket 2,1
1338,52.704624,-2.742141,SY3 7ET,Socket 1,0
1338,52.704624,-2.742141,SY3 7ET,Socket 2,0
1316,51.766998,-3.341440,CF48 2YF,Socket 1,0
1316,51.766998,-3.341440,CF48 2YF,Socket 2,0
1315,54.660198,-5.668550,BT20 4SD,Socket 1,0
1315,54.660198,-5.668550,BT20 4SD,Socket 2,0
1304,56.642799,-2.888670,DD8 2AE,Socket 1,2
1304,56.642799,-2.888670,DD8 2AE,Socket 2,0
1301,53.424374,-3.049572,CH45 4NZ,Socket 1,0
1301,53.424374,-3.049572,CH45 4NZ,Socket 2,0
1237,54.881317,-1.374252,SR2 9TT,Socket 1,0
1237,54.881317,-1.374252,SR2 9TT,Socket 2,0
1181,55.614983,-2.802469,TD1 2AG,Socket 1,0
1181,55.614983,-2.802469,TD1 2AG,Socket 2,1
933,51.464684,-2.621759,BS8 3HA,Socket 1,2
933,51.464684,-2.621759,BS8 3HA,Socket 2,2
1825,51.454514,-0.337819,TW1 1ER,Socket 1,0
1825,51.454514,-0.337819,TW1 1ER,Socket 2,0
1815,51.291302,0.469623,ME20 7UB,Socket 1,0
1815,51.291302,0.469623,ME20 7UB,Socket 2,0
1814,52.574402,-0.221408,PE1 5AU,Socket 1,0
1814,52.574402,-0.221408,PE1 5AU,Socket 2,0
1750,52.985802,-2.173570,ST4 4DD,Socket 1,1
1750,52.985802,-2.173570,ST4 4DD,Socket 2,0
1836,51.712799,-0.332851,AL2 2JZ,Socket 1,2
1836,51.712799,-0.332851,AL2 2JZ,Socket 2,2
1712,50.886166,-1.040303,PO7 7XW,Socket 1,0
1712,50.886166,-1.040303,PO7 7XW,Socket 2,0
1708,55.941441,-3.408043,EH28 8TG,Socket 1,0
1708,55.941441,-3.408043,EH28 8TG,Socket 2,1
1679,51.361198,-0.118238,CR0 4RF,Socket 1,0
1679,51.361198,-0.118238,CR0 4RF,Socket 2,0
1666,51.416100,0.123027,DA14 5HS,Socket 1,0
1666,51.416100,0.123027,DA14 5HS,Socket 2,0
1655,50.913700,-1.450690,SO15 0LD,Socket 1,0
1655,50.913700,-1.450690,SO15 0LD,Socket 2,0
1636,52.014301,-0.744530,MK6 4AG,Socket 1,0
1636,52.014301,-0.744530,MK6 4AG,Socket 2,1
106,52.200500,0.130315,CB1 1ND,Socket 1,1
106,52.200500,0.130315,CB1 1ND,Socket 2,0
932,51.402500,0.017469,BR1 1TR,Socket 1,0
932,51.402500,0.017469,BR1 1TR,Socket 2,0
915,51.157799,0.865377,TN24 8UX,Socket 1,0
915,51.157799,0.865377,TN24 8UX,Socket 2,0
853,51.459702,-2.588310,BS1 3LJ,Socket 1,0
853,51.459702,-2.588310,BS1 3LJ,Socket 2,0
886,50.740700,-1.879050,BH9 2AD,Socket 1,0
886,50.740700,-1.879050,BH9 2AD,Socket 2,1
883,50.740700,-1.878990,BH9 2AD,Socket 1,0
883,50.740700,-1.878990,BH9 2AD,Socket 2,0
879,51.450340,-2.596704,BS1 4QF,Socket 1,0
879,51.450340,-2.596704,BS1 4QF,Socket 2,1
167,51.450340,-2.596704,BS1 4QF,Socket 1,0
167,51.450340,-2.596704,BS1 4QF,Socket 2,0
876,50.728699,-1.939930,BH14 0AP,Socket 1,0
876,50.728699,-1.939930,BH14 0AP,Socket 2,0
846,51.456799,-2.585160,BS1 3AF,Socket 1,0
846,51.456799,-2.585160,BS1 3AF,Socket 2,0
878,51.456799,-2.585280,BS1 3AF,Socket 1,0
878,51.456799,-2.585280,BS1 3AF,Socket 2,0
869,50.728699,-1.939840,BH14 0AP,Socket 1,0
869,50.728699,-1.939840,BH14 0AP,Socket 2,0
870,50.905102,-1.406610,SO14 7EG,Socket 1,0
870,50.905102,-1.406610,SO14 7EG,Socket 2,1
864,50.800999,-1.087610,PO1 1RS,Socket 1,0
864,50.800999,-1.087610,PO1 1RS,Socket 2,0
859,51.458401,-2.591160,BS1 3BB,Socket 1,0
859,51.458401,-2.591160,BS1 3BB,Socket 2,0
778,51.456799,-2.593660,BS1 2PY,Socket 1,0
778,51.456799,-2.593660,BS1 2PY,Socket 2,0
742,51.456799,-2.593810,BS1 2PY,Socket 1,0
742,51.456799,-2.593810,BS1 2PY,Socket 2,1
676,51.458401,-2.591220,BS1 3BB,Socket 1,0
676,51.458401,-2.591220,BS1 3BB,Socket 2,1
618,50.821999,-0.147437,BN1 2DX,Socket 1,0
618,50.821999,-0.147437,BN1 2DX,Socket 2,1
601,50.766541,0.289595,BN21 3BZ,Socket 1,0
601,50.766541,0.289595,BN21 3BZ,Socket 2,1
559,50.832298,-0.783929,PO19 1RD,Socket 1,0
559,50.832298,-0.783929,PO19 1RD,Socket 2,0
500,51.411537,-0.027452,BR3 1SD,Socket 1,0
500,51.411537,-0.027452,BR3 1SD,Socket 2,0
339,53.957157,-1.070466,YO31 7UL,Socket 1,0
339,53.957157,-1.070466,YO31 7UL,Socket 2,0
271,50.800900,-1.087500,PO1 1RS,Socket 1,0
271,50.800900,-1.087500,PO1 1RS,Socket 2,0
1903,51.283600,-1.057480,RG24 8FY,Socket 1,2
1903,51.283600,-1.057480,RG24 8FY,Socket 2,2
1900,51.573200,-0.415037,HA4 8NX,Socket 1,0
1900,51.573200,-0.415037,HA4 8NX,Socket 2,0
1896,51.612202,-0.427848,HA6 2XP,Socket 1,0
1896,51.612202,-0.427848,HA6 2XP,Socket 2,0
1886,51.342999,0.508269,ME5 9AX,Socket 1,0
1886,51.342999,0.508269,ME5 9AX,Socket 2,0
1881,50.772800,0.267711,BN21 1HR,Socket 1,2
1881,50.772800,0.267711,BN21 1HR,Socket 2,2
1877,50.772499,0.268657,BN21 1HR,Socket 1,0
1877,50.772499,0.268657,BN21 1HR,Socket 2,0
1870,51.513172,-0.322521,W13 0NL,Socket 1,2
1870,51.513172,-0.322521,W13 0NL,Socket 2,2
1867,51.418900,-0.407493,TW16 5AQ,Socket 1,0
1867,51.418900,-0.407493,TW16 5AQ,Socket 2,0
1865,51.418598,-0.409144,TW16 5AQ,Socket 1,0
1865,51.418598,-0.409144,TW16 5AQ,Socket 2,0
1864,52.034340,1.203361,IP3 9SQ,Socket 1,0
1864,52.034340,1.203361,IP3 9SQ,Socket 2,0
1862,52.034340,1.203340,IP3 9SQ,Socket 1,0
1862,52.034340,1.203340,IP3 9SQ,Socket 2,0
1861,51.313202,-0.253259,KT18 5LQ,Socket 1,0
1861,51.313202,-0.253259,KT18 5LQ,Socket 2,0
1860,51.373699,-0.362843,KT10 9AJ,Socket 1,0
1860,51.373699,-0.362843,KT10 9AJ,Socket 2,0
1856,51.312599,-0.253420,KT18 5LQ,Socket 1,0
1856,51.312599,-0.253420,KT18 5LQ,Socket 2,0
1855,51.605442,-0.338983,HA3 6HL,Socket 1,0
1855,51.605442,-0.338983,HA3 6HL,Socket 2,0
1852,51.631302,-0.175571,N20 9HX,Socket 1,0
1852,51.631302,-0.175571,N20 9HX,Socket 2,0
1833,51.415600,-0.373640,TW12 2HQ,Socket 1,0
1833,51.415600,-0.373640,TW12 2HQ,Socket 2,0
1776,51.595516,0.022789,E18 2NA,Socket 1,0
1776,51.595516,0.022789,E18 2NA,Socket 2,0
1648,51.595474,0.022840,E18 2NA,Socket 1,0
1648,51.595474,0.022840,E18 2NA,Socket 2,0
1769,51.367889,-0.366621,KT10 9QE,Socket 1,0
1769,51.367889,-0.366621,KT10 9QE,Socket 2,0
169,51.483101,-3.175770,CF10 3AD,Socket 1,0
169,51.483101,-3.175770,CF10 3AD,Socket 2,1
1658,51.461899,-0.012621,SE13 7HB,Socket 1,0
1658,51.461899,-0.012621,SE13 7HB,Socket 2,0
1647,51.461800,-0.012663,SE13 7HB,Socket 1,2
1647,51.461800,-0.012663,SE13 7HB,Socket 2,2
1641,51.567699,-0.352147,HA2 0EG,Socket 1,0
1641,51.567699,-0.352147,HA2 0EG,Socket 2,0
1353,51.567600,-0.351734,HA2 0EG,Socket 1,1
1353,51.567600,-0.351734,HA2 0EG,Socket 2,1
1634,51.557098,0.072063,IG1 1BA,Socket 1,0
1634,51.557098,0.072063,IG1 1BA,Socket 2,0
1623,50.420479,-4.233292,PL12 6LD,Socket 1,0
1623,50.420479,-4.233292,PL12 6LD,Socket 2,1
1569,50.420387,-4.233292,PL12 6LD,Socket 1,0
1569,50.420387,-4.233292,PL12 6LD,Socket 2,2
1620,51.411301,-0.026846,BR3 1SD,Socket 1,1
1620,51.411301,-0.026846,BR3 1SD,Socket 2,0
1554,51.607700,-0.210469,NW7 1GU,Socket 1,2
1554,51.607700,-0.210469,NW7 1GU,Socket 2,2
1434,51.607700,-0.210181,NW7 1GU,Socket 1,0
1434,51.607700,-0.210181,NW7 1GU,Socket 2,0
1518,51.727345,-1.059802,OX9 2JW,Socket 1,0
1518,51.727345,-1.059802,OX9 2JW,Socket 2,0
1510,51.672100,-1.279690,OX14 3HL,Socket 1,0
1510,51.672100,-1.279690,OX14 3HL,Socket 2,0
697,51.447075,0.219451,DA1 1DR,Socket 1,0
697,51.447075,0.219451,DA1 1DR,Socket 2,0
2073,52.244240,0.708862,IP33 3DH,Socket 1,1
2073,52.244240,0.708862,IP33 3DH,Socket 2,1
2065,51.893101,0.918520,CO4 3BE,Socket 1,1
2065,51.893101,0.918520,CO4 3BE,Socket 2,1
2062,51.893108,0.918816,CO4 3BE,Socket 1,1
2062,51.893108,0.918816,CO4 3BE,Socket 2,0
1964,51.950100,-0.282602,SG5 2UG,Socket 1,0
1964,51.950100,-0.282602,SG5 2UG,Socket 2,0
1520,51.611710,-0.180412,N12 8NR,Socket 1,0
1520,51.611710,-0.180412,N12 8NR,Socket 2,0
1258,51.394501,-0.303854,KT6 4RF,Socket 1,2
1258,51.394501,-0.303854,KT6 4RF,Socket 2,2
1224,51.368099,-0.305964,KT9 1EJ,Socket 1,0
1224,51.368099,-0.305964,KT9 1EJ,Socket 2,0
858,52.710930,-0.600826,LE15 7SN,Socket 1,2
858,52.710930,-0.600826,LE15 7SN,Socket 2,2
1918,51.531200,0.148090,RM9 6YS,Socket 1,0
1918,51.531200,0.148090,RM9 6YS,Socket 2,0
1911,51.531399,0.148063,RM9 6YS,Socket 1,0
1911,51.531399,0.148063,RM9 6YS,Socket 2,0
1361,51.380360,-0.182926,SM5 1AA,Socket 1,1
1361,51.380360,-0.182926,SM5 1AA,Socket 2,1
1289,52.208302,-1.729240,CV37 9QY,Socket 1,0
1289,52.208302,-1.729240,CV37 9QY,Socket 2,0
1231,52.208435,-1.729073,CV37 9QY,Socket 1,0
1231,52.208435,-1.729073,CV37 9QY,Socket 2,0
635,52.044552,-0.755128,MK9 3AQ,Socket 1,0
635,52.044552,-0.755128,MK9 3AQ,Socket 2,1
1043,53.553421,-2.673497,WN5 0LD,Socket 1,0
1043,53.553421,-2.673497,WN5 0LD,Socket 2,0
993,52.588661,-0.722335,LE15 9PY,Socket 1,0
993,52.588661,-0.722335,LE15 9PY,Socket 2,0
927,52.234501,0.139795,CB4 0WG,Socket 1,2
927,52.234501,0.139795,CB4 0WG,Socket 2,2
776,51.873302,-0.404650,LU1 3YT,Socket 1,0
776,51.873302,-0.404650,LU1 3YT,Socket 2,0
702,51.880466,-0.419510,LU1 2PL,Socket 1,0
702,51.880466,-0.419510,LU1 2PL,Socket 2,0
669,51.873901,-0.391388,LU1 0TY,Socket 1,0
669,51.873901,-0.391388,LU1 0TY,Socket 2,0
579,51.646725,-0.384148,WD19 4BL,Socket 1,2
579,51.646725,-0.384148,WD19 4BL,Socket 2,2
566,52.669533,1.271481,NR6 6JT,Socket 1,2
566,52.669533,1.271481,NR6 6JT,Socket 2,2
563,51.879700,-0.419814,LU1 2RD,Socket 1,0
563,51.879700,-0.419814,LU1 2RD,Socket 2,1
552,51.876984,-0.408969,LU1 3HZ,Socket 1,1
552,51.876984,-0.408969,LU1 3HZ,Socket 2,1
470,51.772202,-0.444497,HP2 7ES,Socket 1,0
470,51.772202,-0.444497,HP2 7ES,Socket 2,0
1638,51.816799,-0.353987,AL5 4HX,Socket 1,0
1638,51.816799,-0.353987,AL5 4HX,Socket 2,1
1629,51.677914,-0.397163,WD24 6PX,Socket 1,2
1629,51.677914,-0.397163,WD24 6PX,Socket 2,2
1628,51.794498,-0.659620,HP23 5SH,Socket 1,0
1628,51.794498,-0.659620,HP23 5SH,Socket 2,0
1610,51.751202,-0.474840,HP1 1EF,Socket 1,2
1610,51.751202,-0.474840,HP1 1EF,Socket 2,2
1608,51.755699,-0.332363,AL1 3SF,Socket 1,0
1608,51.755699,-0.332363,AL1 3SF,Socket 2,1
1568,51.660606,-0.404102,WD17 3EX,Socket 1,0
1568,51.660606,-0.404102,WD17 3EX,Socket 2,0
1527,51.660610,-0.406287,WD17 3EX,Socket 1,1
1527,51.660610,-0.406287,WD17 3EX,Socket 2,0
1444,52.201717,-0.291732,MK44 3AL,Socket 1,0
1444,52.201717,-0.291732,MK44 3AL,Socket 2,0
1337,51.891266,-0.520983,LU5 4GP,Socket 1,1
1337,51.891266,-0.520983,LU5 4GP,Socket 2,1
574,51.438587,-0.247243,SW15 3DT,Socket 1,0
574,51.438587,-0.247243,SW15 3DT,Socket 2,0
794,51.502499,-0.073589,SE1 2NE,Socket 1,0
794,51.502499,-0.073589,SE1 2NE,Socket 2,1
1720,51.502499,-0.073691,SE1 2NE,Socket 1,0
1720,51.502499,-0.073691,SE1 2NE,Socket 2,0
1847,53.468201,-2.970850,L20 6HX,Socket 1,1
1847,53.468201,-2.970850,L20 6HX,Socket 2,1
1702,51.436100,-0.971540,RG2 0LJ,Socket 1,1
1702,51.436100,-0.971540,RG2 0LJ,Socket 2,0
1917,54.427776,-6.434243,BT63 5AQ,Socket 1,0
1917,54.427776,-6.434243,BT63 5AQ,Socket 2,0
1901,54.427765,-6.434219,BT63 5AQ,Socket 1,0
1901,54.427765,-6.434219,BT63 5AQ,Socket 2,0
1868,52.828602,1.366500,NR28 0NB,Socket 1,0
1868,52.828602,1.366500,NR28 0NB,Socket 2,0
752,53.229500,-0.544659,LN1 1XL,Socket 1,0
752,53.229500,-0.544659,LN1 1XL,Socket 2,0
1849,53.076496,-3.004565,LL11 4BA,Socket 1,0
1849,53.076496,-3.004565,LL11 4BA,Socket 2,0
1748,50.385700,-4.022320,PL7 5JY,Socket 1,0
1748,50.385700,-4.022320,PL7 5JY,Socket 2,0
275,52.489799,-2.018340,B69 4PU,Socket 1,0
275,52.489799,-2.018340,B69 4PU,Socket 2,0
1593,52.489899,-2.018390,B69 4PU,Socket 1,0
1593,52.489899,-2.018390,B69 4PU,Socket 2,0
1795,52.237801,0.376773,CB8 0TF,Socket 1,0
1795,52.237801,0.376773,CB8 0TF,Socket 2,0
1790,53.673012,-1.776755,HD2 2DQ,Socket 1,0
1790,53.673012,-1.776755,HD2 2DQ,Socket 2,0
2212,51.516201,-0.145986,W1G 0PN,Socket 1,0
2212,51.516201,-0.145986,W1G 0PN,Socket 2,0
1682,51.422100,0.022362,BR1 5TD,Socket 1,0
1682,51.422100,0.022362,BR1 5TD,Socket 2,0
1768,51.410999,0.026223,BR1 3JE,Socket 1,2
1768,51.410999,0.026223,BR1 3JE,Socket 2,2
2150,51.528801,-0.269298,NW10 7LW,Socket 1,2
2150,51.528801,-0.269298,NW10 7LW,Socket 2,2
1946,52.946621,-1.143780,NG2 3AQ,Socket 1,0
1946,52.946621,-1.143780,NG2 3AQ,Socket 2,1
2141,52.260601,-1.159040,NN14 4FP,Socket 1,2
2141,52.260601,-1.159040,NN14 4FP,Socket 2,2
2180,51.520638,0.039740,E13 8SL,Socket 1,0
2180,51.520638,0.039740,E13 8SL,Socket 2,1
2194,51.520622,0.039682,E13 8SL,Socket 1,1
2194,51.520622,0.039682,E13 8SL,Socket 2,1
2193,51.520615,0.039613,E13 8SL,Socket 1,1
2193,51.520615,0.039613,E13 8SL,Socket 2,1
1732,51.313499,-0.231771,KT18 5UZ,Socket 1,1
1732,51.313499,-0.231771,KT18 5UZ,Socket 2,0
1670,51.313400,-0.231806,KT18 5UZ,Socket 1,0
1670,51.313400,-0.231806,KT18 5UZ,Socket 2,0
2190,51.679901,-0.391720,WD24 7RT,Socket 1,0
2190,51.679901,-0.391720,WD24 7RT,Socket 2,0
2177,51.679890,-0.391550,WD24 7RT,Socket 1,0
2177,51.679890,-0.391550,WD24 7RT,Socket 2,1
2152,52.632000,-1.128480,LE1 6NU,Socket 1,0
2152,52.632000,-1.128480,LE1 6NU,Socket 2,0
1920,52.631298,-1.135550,LE2 7AD,Socket 1,1
1920,52.631298,-1.135550,LE2 7AD,Socket 2,0
1952,53.389851,-0.747742,DN21 1DY,Socket 1,0
1952,53.389851,-0.747742,DN21 1DY,Socket 2,0
2128,52.688599,-0.309740,PE6 8FD,Socket 1,1
2128,52.688599,-0.309740,PE6 8FD,Socket 2,1
2115,53.224453,-0.538863,LN5 7LH,Socket 1,0
2115,53.224453,-0.538863,LN5 7LH,Socket 2,0
2151,51.396999,0.175642,BR8 7UN,Socket 1,0
2151,51.396999,0.175642,BR8 7UN,Socket 2,0
1948,51.397537,0.174579,BR8 7UN,Socket 1,0
1948,51.397537,0.174579,BR8 7UN,Socket 2,0
2184,51.489079,0.022058,SE7 7ST,Socket 1,0
2184,51.489079,0.022058,SE7 7ST,Socket 2,0
2181,51.489052,0.022935,SE7 7ST,Socket 1,0
2181,51.489052,0.022935,SE7 7ST,Socket 2,0
2136,51.573635,-0.071434,E5 9AG,Socket 1,0
2136,51.573635,-0.071434,E5 9AG,Socket 2,0
2146,51.376106,-0.130422,CR0 4XS,Socket 1,2
2146,51.376106,-0.130422,CR0 4XS,Socket 2,2
2147,51.556046,-0.009817,E10 5NH,Socket 1,0
2147,51.556046,-0.009817,E10 5NH,Socket 2,0
2149,51.452271,0.276584,DA9 9BT,Socket 1,1
2149,51.452271,0.276584,DA9 9BT,Socket 2,0
2172,51.452267,0.276273,DA9 9BT,Socket 1,0
2172,51.452267,0.276273,DA9 9BT,Socket 2,1
1253,51.509495,-0.144767,W1J 6EG,Socket 1,0
1253,51.509495,-0.144767,W1J 6EG,Socket 2,1
1201,51.527748,-0.182497,W9 1DF,Socket 1,2
1201,51.527748,-0.182497,W9 1DF,Socket 2,2
1271,51.522598,-0.184968,W9 2PH,Socket 1,0
1271,51.522598,-0.184968,W9 2PH,Socket 2,0
1239,51.491459,-0.137107,SW1V 2EE,Socket 1,2
1239,51.491459,-0.137107,SW1V 2EE,Socket 2,2
2216,51.499001,-0.148383,SW1X 7AX,Socket 1,2
2216,51.499001,-0.148383,SW1X 7AX,Socket 2,2
1202,51.498959,-0.148498,SW1X 7AX,Socket 1,2
1202,51.498959,-0.148498,SW1X 7AX,Socket 2,2
1216,51.520454,-0.157968,W1U 6LB,Socket 1,0
1216,51.520454,-0.157968,W1U 6LB,Socket 2,1
1274,51.511013,-0.121981,WC2E 7HE,Socket 1,0
1274,51.511013,-0.121981,WC2E 7HE,Socket 2,0
1236,51.511902,-0.119569,WC2E 7DU,Socket 1,0
1236,51.511902,-0.119569,WC2E 7DU,Socket 2,1
1272,51.494495,-0.153764,SW1W 9BQ,Socket 1,0
1272,51.494495,-0.153764,SW1W 9BQ,Socket 2,1
1251,51.494534,-0.153666,SW1W 9BQ,Socket 1,0
1251,51.494534,-0.153666,SW1W 9BQ,Socket 2,1
1238,51.519737,-0.139248,W1W 6DL,Socket 1,0
1238,51.519737,-0.139248,W1W 6DL,Socket 2,1
2224,51.528755,-0.188166,W9 1JB,Socket 1,0
2224,51.528755,-0.188166,W9 1JB,Socket 2,0
2225,51.528774,-0.188193,W9 1JB,Socket 1,0
2225,51.528774,-0.188193,W9 1JB,Socket 2,1
1214,51.530731,-0.211109,W10 4DS,Socket 1,0
1214,51.530731,-0.211109,W10 4DS,Socket 2,0
1599,53.224037,-4.131161,LL57 1LJ,Socket 1,1
1599,53.224037,-4.131161,LL57 1LJ,Socket 2,0
1806,51.743801,0.471859,CM1 1SQ,Socket 1,0
1806,51.743801,0.471859,CM1 1SQ,Socket 2,0
1819,52.251507,0.695397,IP33 3YU,Socket 1,0
1819,52.251507,0.695397,IP33 3YU,Socket 2,0
1519,52.622341,1.233592,NR4 7TJ,Socket 1,0
1519,52.622341,1.233592,NR4 7TJ,Socket 2,2
803,51.478298,-3.170320,CF10 4FF,Socket 1,0
803,51.478298,-3.170320,CF10 4FF,Socket 2,0
748,51.484554,-3.172682,CF10 3FN,Socket 1,0
748,51.484554,-3.172682,CF10 3FN,Socket 2,1
647,51.484352,-3.172482,CF10 3FN,Socket 1,0
647,51.484352,-3.172482,CF10 3FN,Socket 2,0
2118,51.379700,-0.289223,KT6 7QU,Socket 1,0
2118,51.379700,-0.289223,KT6 7QU,Socket 2,0
1935,53.229500,-0.535880,LN2 5AR,Socket 1,1
1935,53.229500,-0.535880,LN2 5AR,Socket 2,0
2183,51.580654,0.109754,IG3 8YB,Socket 1,1
2183,51.580654,0.109754,IG3 8YB,Socket 2,0
2209,51.580582,0.109684,IG3 8YB,Socket 1,0
2209,51.580582,0.109684,IG3 8YB,Socket 2,0
2199,51.580547,0.109639,IG3 8YB,Socket 1,0
2199,51.580547,0.109639,IG3 8YB,Socket 2,2
2226,51.580620,0.109721,IG3 8YB,Socket 1,0
2226,51.580620,0.109721,IG3 8YB,Socket 2,0
2206,52.911499,-0.650787,NG31 7DD,Socket 1,1
2206,52.911499,-0.650787,NG31 7DD,Socket 2,1
2127,52.671501,-0.729239,LE15 6AH,Socket 1,2
2127,52.671501,-0.729239,LE15 6AH,Socket 2,2
1916,51.504501,-0.015718,E14 5EW,Socket 1,0
1916,51.504501,-0.015718,E14 5EW,Socket 2,0
1921,51.504501,-0.015718,E14 5EW,Socket 1,0
1921,51.504501,-0.015718,E14 5EW,Socket 2,0
1904,51.504601,-0.016295,E14 5EW,Socket 1,1
1904,51.504601,-0.016295,E14 5EW,Socket 2,0
1912,51.504501,-0.015718,E14 5EW,Socket 1,1
1912,51.504501,-0.015718,E14 5EW,Socket 2,0
1888,51.504501,-0.015718,E14 5EW,Socket 1,1
1888,51.504501,-0.015718,E14 5EW,Socket 2,1
1892,51.504684,-0.016405,E14 5EW,Socket 1,1
1892,51.504684,-0.016405,E14 5EW,Socket 2,1
2189,52.035053,-0.362265,SG17 5TQ,Socket 1,1
2189,52.035053,-0.362265,SG17 5TQ,Socket 2,1
2060,51.746399,-0.360278,AL3 4JZ,Socket 1,1
2060,51.746399,-0.360278,AL3 4JZ,Socket 2,1
2076,51.746399,-0.360317,AL3 4JZ,Socket 1,0
2076,51.746399,-0.360317,AL3 4JZ,Socket 2,0
2195,51.525902,-0.436126,UB4 8JQ,Socket 1,0
2195,51.525902,-0.436126,UB4 8JQ,Socket 2,0
338,51.708000,-0.611930,HP5 1LL,Socket 1,0
338,51.708000,-0.611930,HP5 1LL,Socket 2,0
1709,52.014999,-2.733370,HR2 8BT,Socket 1,0
1709,52.014999,-2.733370,HR2 8BT,Socket 2,0
1812,52.135101,-0.477639,MK40 1DQ,Socket 1,0
1812,52.135101,-0.477639,MK40 1DQ,Socket 2,0
1798,52.237801,0.376684,CB8 0TF,Socket 1,0
1798,52.237801,0.376684,CB8 0TF,Socket 2,0
1919,54.567253,-0.965321,TS12 2ZL,Socket 1,1
1919,54.567253,-0.965321,TS12 2ZL,Socket 2,0
1771,51.729099,0.453556,CM1 2UP,Socket 1,0
1771,51.729099,0.453556,CM1 2UP,Socket 2,0
1683,52.509399,-1.477210,CV10 7RF,Socket 1,0
1683,52.509399,-1.477210,CV10 7RF,Socket 2,0
2240,54.887001,-2.924230,CA1 2EA,Socket 1,0
2240,54.887001,-2.924230,CA1 2EA,Socket 2,0
2143,56.549801,-2.612340,DD11 2NQ,Socket 1,0
2143,56.549801,-2.612340,DD11 2NQ,Socket 2,0
1262,52.044010,-0.750773,MK9 3PW,Socket 1,0
1262,52.044010,-0.750773,MK9 3PW,Socket 2,0
1265,52.044056,-0.750690,MK9 3PW,Socket 1,0
1265,52.044056,-0.750690,MK9 3PW,Socket 2,0
2120,52.042858,-0.752976,MK9 3NE,Socket 1,0
2120,52.042858,-0.752976,MK9 3NE,Socket 2,0
2139,52.042900,-0.753032,MK9 3AT,Socket 1,2
2139,52.042900,-0.753032,MK9 3AT,Socket 2,0
2089,52.039646,-0.762613,MK9 3HP,Socket 1,0
2089,52.039646,-0.762613,MK9 3HP,Socket 2,0
2040,52.039600,-0.762600,MK9 3HP,Socket 1,0
2040,52.039600,-0.762600,MK9 3HP,Socket 2,1
874,52.038681,-0.763118,MK9 2EA,Socket 1,0
874,52.038681,-0.763118,MK9 2EA,Socket 2,0
2041,52.040043,-0.759953,MK9 2EA,Socket 1,0
2041,52.040043,-0.759953,MK9 2EA,Socket 2,1
2048,52.038998,-0.764125,MK9 2JE,Socket 1,1
2048,52.038998,-0.764125,MK9 2JE,Socket 2,1
2042,52.038960,-0.764181,MK9 2JE,Socket 1,0
2042,52.038960,-0.764181,MK9 2JE,Socket 2,0
2086,52.037056,-0.768650,MK9 1EB,Socket 1,1
2086,52.037056,-0.768650,MK9 1EB,Socket 2,1
2067,52.037018,-0.768676,MK9 1EB,Socket 1,1
2067,52.037018,-0.768676,MK9 1EB,Socket 2,1
1413,52.037018,-0.768677,MK9 1EB,Socket 1,1
1413,52.037018,-0.768677,MK9 1EB,Socket 2,1
1445,52.037277,-0.766195,MK9 3AE,Socket 1,0
1445,52.037277,-0.766195,MK9 3AE,Socket 2,0
1313,51.511745,-0.607171,SL1 3SS,Socket 1,1
1313,51.511745,-0.607171,SL1 3SS,Socket 2,0
1517,51.510300,-0.607992,SL1 2QG,Socket 1,0
1517,51.510300,-0.607992,SL1 2QG,Socket 2,1
1199,52.036102,-0.765100,MK9 1AU,Socket 1,0
1199,52.036102,-0.765100,MK9 1AU,Socket 2,1
1206,52.036083,-0.765164,MK9 1AU,Socket 1,0
1206,52.036083,-0.765164,MK9 1AU,Socket 2,1
1203,52.036060,-0.765245,MK9 1AU,Socket 1,0
1203,52.036060,-0.765245,MK9 1AU,Socket 2,1
2045,52.040279,-0.755383,MK9 3EJ,Socket 1,0
2045,52.040279,-0.755383,MK9 3EJ,Socket 2,0
2043,52.040260,-0.755430,MK9 3EJ,Socket 1,1
2043,52.040260,-0.755430,MK9 3EJ,Socket 2,0
1428,52.038082,-0.759923,MK9 2EA,Socket 1,1
1428,52.038082,-0.759923,MK9 2EA,Socket 2,1
1430,52.038086,-0.759925,MK9 2EA,Socket 1,1
1430,52.038086,-0.759925,MK9 2EA,Socket 2,1
1207,52.038609,-0.770909,MK9 1AL,Socket 1,0
1207,52.038609,-0.770909,MK9 1AL,Socket 2,0
1209,52.038673,-0.770973,MK9 1AL,Socket 1,0
1209,52.038673,-0.770973,MK9 1AL,Socket 2,0
1200,52.038643,-0.770943,MK9 1AL,Socket 1,0
1200,52.038643,-0.770943,MK9 1AL,Socket 2,0
2142,52.041931,-0.751938,MK9 3NB,Socket 1,0
2142,52.041931,-0.751938,MK9 3NB,Socket 2,0
2069,52.041916,-0.751932,MK9 3BB,Socket 1,0
2069,52.041916,-0.751932,MK9 3BB,Socket 2,0
2081,52.042900,-0.749302,MK9 3BB,Socket 1,0
2081,52.042900,-0.749302,MK9 3BB,Socket 2,0
2068,52.044083,-0.756294,MK9 3AG,Socket 1,1
2068,52.044083,-0.756294,MK9 3AG,Socket 2,1
2091,52.042606,-0.759707,MK9 2AD,Socket 1,0
2091,52.042606,-0.759707,MK9 2AD,Socket 2,0
2114,52.042572,-0.759832,MK9 2AD,Socket 1,0
2114,52.042572,-0.759832,MK9 2AD,Socket 2,2
2116,52.043076,-0.761238,MK9 3EJ,Socket 1,0
2116,52.043076,-0.761238,MK9 3EJ,Socket 2,0
2121,52.043041,-0.761203,MK9 3EJ,Socket 1,1
2121,52.043041,-0.761203,MK9 3EJ,Socket 2,0
2003,51.565704,0.143294,RM8 1AT,Socket 1,0
2003,51.565704,0.143294,RM8 1AT,Socket 2,0
2304,52.762779,-0.885709,LE13 1GH,Socket 1,0
2304,52.762779,-0.885709,LE13 1GH,Socket 2,0
2305,51.426399,-0.990698,RG2 6GB,Socket 1,0
2305,51.426399,-0.990698,RG2 6GB,Socket 2,0
2306,51.505863,-2.559975,BS34 7JL,Socket 1,0
2306,51.505863,-2.559975,BS34 7JL,Socket 2,0
2044,52.040688,-0.764145,MK9 2AF,Socket 1,0
2044,52.040688,-0.764145,MK9 2AF,Socket 2,0
2084,52.040722,-0.764068,MK9 2AF,Socket 1,0
2084,52.040722,-0.764068,MK9 2AF,Socket 2,1
1507,52.038509,-0.769241,MK9 1LT,Socket 1,0
1507,52.038509,-0.769241,MK9 1LT,Socket 2,1
1424,52.038494,-0.769286,MK9 1LT,Socket 1,0
1424,52.038494,-0.769286,MK9 1LT,Socket 2,0
1415,52.038479,-0.769328,MK9 1LT,Socket 1,1
1415,52.038479,-0.769328,MK9 1LT,Socket 2,0
1267,52.062534,-0.808586,MK12 5JN,Socket 1,0
1267,52.062534,-0.808586,MK12 5JN,Socket 2,0
1597,53.421600,-2.957170,L6 5DR,Socket 1,0
1597,53.421600,-2.957170,L6 5DR,Socket 2,1
1548,53.421600,-2.957170,L6 5DR,Socket 1,0
1548,53.421600,-2.957170,L6 5DR,Socket 2,0
2233,56.475060,-3.047849,DD2 4WB,Socket 1,0
2233,56.475060,-3.047849,DD2 4WB,Socket 2,1
2234,56.475132,-3.047870,DD2 4WB,Socket 1,0
2234,56.475132,-3.047870,DD2 4WB,Socket 2,0
2328,51.643398,0.618010,CM3 5SY,Socket 1,1
2328,51.643398,0.618010,CM3 5SY,Socket 2,1
2330,50.917801,-1.489390,SO40 3ZA,Socket 1,0
2330,50.917801,-1.489390,SO40 3ZA,Socket 2,0
2331,50.917801,-1.489390,SO40 3ZA,Socket 1,0
2331,50.917801,-1.489390,SO40 3ZA,Socket 2,0
2342,51.822121,-2.275357,GL2 2SN,Socket 1,1
2342,51.822121,-2.275357,GL2 2SN,Socket 2,0
2348,52.463749,-1.841346,B10 0HH,Socket 1,0
2348,52.463749,-1.841346,B10 0HH,Socket 2,0
2349,52.464710,-1.842627,B10 0HH,Socket 1,0
2349,52.464710,-1.842627,B10 0HH,Socket 2,0
1640,51.892776,-0.530863,LU6 1LF,Socket 1,0
1640,51.892776,-0.530863,LU6 1LF,Socket 2,0
2228,51.498180,-0.176533,SW7 2AZ,Socket 1,0
2228,51.498180,-0.176533,SW7 2AZ,Socket 2,0
2213,51.516201,-0.145986,W1G 0PN,Socket 1,1
2213,51.516201,-0.145986,W1G 0PN,Socket 2,1
2357,51.901100,0.898692,CO4 5TU,Socket 1,0
2357,51.901100,0.898692,CO4 5TU,Socket 2,0
2358,51.565693,0.143497,RM8 1AT,Socket 1,1
2358,51.565693,0.143497,RM8 1AT,Socket 2,0
2361,51.565800,0.143984,RM8 1AT,Socket 1,0
2361,51.565800,0.143984,RM8 1AT,Socket 2,0
2363,51.565693,0.143597,RM8 1AT,Socket 1,0
2363,51.565693,0.143597,RM8 1AT,Socket 2,1
1777,51.904400,-0.200578,SG1 1ES,Socket 1,1
1777,51.904400,-0.200578,SG1 1ES,Socket 2,0
2365,51.565697,0.143693,RM8 1AT,Socket 1,0
2365,51.565697,0.143693,RM8 1AT,Socket 2,0
1422,52.043301,-0.752380,MK9 3NE,Socket 1,0
1422,52.043301,-0.752380,MK9 3NE,Socket 2,0
1509,52.043320,-0.752337,MK9 3NE,Socket 1,0
1509,52.043320,-0.752337,MK9 3NE,Socket 2,0
2269,51.813801,-0.821802,HP21 8PD,Socket 1,0
2269,51.813801,-0.821802,HP21 8PD,Socket 2,0
1567,51.510601,-0.140937,W1S 3AF,Socket 1,0
1567,51.510601,-0.140937,W1S 3AF,Socket 2,1
1386,51.510601,-0.140937,W1S 3AF,Socket 1,0
1386,51.510601,-0.140937,W1S 3AF,Socket 2,1
1263,51.994499,-0.731767,MK2 2DR,Socket 1,0
1263,51.994499,-0.731767,MK2 2DR,Socket 2,1
759,51.511299,-0.187020,W2 4QJ,Socket 1,0
759,51.511299,-0.187020,W2 4QJ,Socket 2,0
123,53.383579,-2.977230,L8 6PZ,Socket 1,2
123,53.383579,-2.977230,L8 6PZ,Socket 2,2
2046,52.923584,-1.139875,NG2 7JA,Socket 1,0
2046,52.923584,-1.139875,NG2 7JA,Socket 2,0
2061,52.923576,-1.139802,NG2 7JA,Socket 1,0
2061,52.923576,-1.139802,NG2 7JA,Socket 2,0
2446,53.156101,-1.169310,NG19 0HA,Socket 1,0
2446,53.156101,-1.169310,NG19 0HA,Socket 2,0
2223,51.509903,-0.142713,W1S 4BS,Socket 1,0
2223,51.509903,-0.142713,W1S 4BS,Socket 2,0
2460,52.038712,-0.771015,MK9 1AL,Socket 1,0
2460,52.038712,-0.771015,MK9 1AL,Socket 2,0
2207,51.490601,0.155155,DA17 6DF,Socket 1,1
2207,51.490601,0.155155,DA17 6DF,Socket 2,0
363,51.880875,-0.412548,LU1 2NR,Socket 1,0
363,51.880875,-0.412548,LU1 2NR,Socket 2,0
2500,52.516747,-1.708727,B46 1JZ,Socket 1,0
2500,52.516747,-1.708727,B46 1JZ,Socket 2,0
2502,53.344788,-1.360761,S20 7AB,Socket 1,0
2502,53.344788,-1.360761,S20 7AB,Socket 2,1
2090,52.040108,-0.765530,MK9 2AE,Socket 1,0
2090,52.040108,-0.765530,MK9 2AE,Socket 2,0
2138,52.040146,-0.765465,MK9 2AE,Socket 1,1
2138,52.040146,-0.765465,MK9 2AE,Socket 2,0
2517,53.748508,-1.530475,LS10 4TQ,Socket 1,0
2517,53.748508,-1.530475,LS10 4TQ,Socket 2,0
2534,52.675552,-2.451066,TF3 4HZ,Socket 1,0
2534,52.675552,-2.451066,TF3 4HZ,Socket 2,0
2544,53.512856,-2.337640,M27 4BR,Socket 1,0
2544,53.512856,-2.337640,M27 4BR,Socket 2,0
561,52.056358,-0.854110,MK11 1BE,Socket 1,0
561,52.056358,-0.854110,MK11 1BE,Socket 2,2
2545,53.512798,-2.337542,M27 4BR,Socket 1,0
2545,53.512798,-2.337542,M27 4BR,Socket 2,0
2087,52.056343,-0.854105,MK11 1BE,Socket 1,0
2087,52.056343,-0.854105,MK11 1BE,Socket 2,0
2553,51.541100,-0.277978,NW10 7UD,Socket 1,0
2553,51.541100,-0.277978,NW10 7UD,Socket 2,0
2554,53.004642,-1.128668,NG5 7ED,Socket 1,0
2554,53.004642,-1.128668,NG5 7ED,Socket 2,0
2555,53.004627,-1.128609,NG5 7ED,Socket 1,0
2555,53.004627,-1.128609,NG5 7ED,Socket 2,0
2557,52.626450,1.306595,NR1 1EF,Socket 1,0
2557,52.626450,1.306595,NR1 1EF,Socket 2,1
2561,52.675552,-2.451066,TF3 4HZ,Socket 1,0
2561,52.675552,-2.451066,TF3 4HZ,Socket 2,1
2562,53.748486,-1.530569,LS10 4TQ,Socket 1,0
2562,53.748486,-1.530569,LS10 4TQ,Socket 2,0
2563,53.344807,-1.360609,S20 7AB,Socket 1,0
2563,53.344807,-1.360609,S20 7AB,Socket 2,0
2564,53.344772,-1.360824,S20 7AB,Socket 1,0
2564,53.344772,-1.360824,S20 7AB,Socket 2,0
934,51.457699,-0.974190,RG1 1NR,Socket 1,0
934,51.457699,-0.974190,RG1 1NR,Socket 2,0
2570,52.588577,-0.721788,LE15 9QJ,Socket 1,0
2570,52.588577,-0.721788,LE15 9QJ,Socket 2,0
2577,51.781502,0.096980,CM20 2JD,Socket 1,1
2577,51.781502,0.096980,CM20 2JD,Socket 2,0
1656,53.132500,-1.157820,NG18 3HG,Socket 1,0
1656,53.132500,-1.157820,NG18 3HG,Socket 2,0
2579,52.050148,1.146216,IP2 8AL,Socket 1,0
2579,52.050148,1.146216,IP2 8AL,Socket 2,0
2580,51.702702,-0.024190,EN8 9AQ,Socket 1,0
2580,51.702702,-0.024190,EN8 9AQ,Socket 2,0
2588,51.799095,-0.072544,SG14 1SA,Socket 1,0
2588,51.799095,-0.072544,SG14 1SA,Socket 2,0
2589,52.390717,0.266185,CB7 4DJ,Socket 1,1
2589,52.390717,0.266185,CB7 4DJ,Socket 2,1
2595,52.412998,-1.828810,B90 3GG,Socket 1,0
2595,52.412998,-1.828810,B90 3GG,Socket 2,0
2596,52.412998,-1.828810,B90 3GG,Socket 1,1
2596,52.412998,-1.828810,B90 3GG,Socket 2,0
2600,50.745800,-1.821980,BH7 7DW,Socket 1,0
2600,50.745800,-1.821980,BH7 7DW,Socket 2,0
2603,50.824600,-1.455190,SO42 7ZN,Socket 1,0
2603,50.824600,-1.455190,SO42 7ZN,Socket 2,0
2604,50.824600,-1.455190,SO42 7ZN,Socket 1,1
2604,50.824600,-1.455190,SO42 7ZN,Socket 2,0
2605,52.526947,-1.466580,CV11 4FL,Socket 1,0
2605,52.526947,-1.466580,CV11 4FL,Socket 2,0
2606,52.526947,-1.466580,CV11 4FL,Socket 1,0
2606,52.526947,-1.466580,CV11 4FL,Socket 2,0
2609,51.399700,-1.325230,RG14 5EN,Socket 1,1
2609,51.399700,-1.325230,RG14 5EN,Socket 2,0
2610,52.769199,-1.205660,LE11 2TS,Socket 1,0
2610,52.769199,-1.205660,LE11 2TS,Socket 2,0
2612,51.544819,-1.806895,SN1 7BX,Socket 1,1
2612,51.544819,-1.806895,SN1 7BX,Socket 2,0
2613,51.544727,-1.806597,SN1 7BX,Socket 1,0
2613,51.544727,-1.806597,SN1 7BX,Socket 2,0
2615,53.420715,-2.162297,SK4 1TN,Socket 1,1
2615,53.420715,-2.162297,SK4 1TN,Socket 2,0
2616,55.800907,-4.391816,G78 1FA,Socket 1,0
2616,55.800907,-4.391816,G78 1FA,Socket 2,0
1605,51.797100,-0.804130,HP21 8BD,Socket 1,0
1605,51.797100,-0.804130,HP21 8BD,Socket 2,0
2617,52.042065,-0.760438,MK9 3PD,Socket 1,1
2617,52.042065,-0.760438,MK9 3PD,Socket 2,0
2618,52.044746,-0.750709,MK9 3EP,Socket 1,0
2618,52.044746,-0.750709,MK9 3EP,Socket 2,0
21010,52.041302,-0.751170,MK9 3XS,Connector 1,2
21010,52.041302,-0.751170,MK9 3XS,Connector 2,2
21010,52.041302,-0.751170,MK9 3XS,Connector 3,2
21013,52.068501,-1.017790,NN12 8TN,Connector 1,2
21013,52.068501,-1.017790,NN12 8TN,Connector 2,2
21013,52.068501,-1.017790,NN12 8TN,Connector 3,2
21016,52.146397,-0.417214,MK41 0GL,Connector 1,0
21016,52.146397,-0.417214,MK41 0GL,Connector 2,0
21016,52.146397,-0.417214,MK41 0GL,Connector 3,0
21018,52.222443,-0.073261,CB23 6EF,Connector 1,0
21018,52.222443,-0.073261,CB23 6EF,Connector 2,0
21018,52.222443,-0.073261,CB23 6EF,Connector 3,0
21019,52.220638,-0.068623,CB23 6BW,Connector 1,0
21019,52.220638,-0.068623,CB23 6BW,Connector 2,0
21019,52.220638,-0.068623,CB23 6BW,Connector 3,0
93,51.863525,-0.408097,Test,Socket 1,0
93,51.863525,-0.408097,Test,Socket 2,0
2623,52.044716,-0.750761,MK9 3EP,Socket 1,0
2623,52.044716,-0.750761,MK9 3EP,Socket 2,0
2624,52.044403,-0.755941,MK9 3AR,Socket 1,0
2624,52.044403,-0.755941,MK9 3AR,Socket 2,0
2625,52.044601,-0.756907,MK9 3EH,Socket 1,1
2625,52.044601,-0.756907,MK9 3EH,Socket 2,1
2627,52.044395,-0.755962,MK9 3AR,Socket 1,0
2627,52.044395,-0.755962,MK9 3AR,Socket 2,0
2626,52.041988,-0.760351,MK9 3PD,Socket 1,0
2626,52.041988,-0.760351,MK9 3PD,Socket 2,1
2628,52.040016,-0.755979,MK9 3DR,Socket 1,0
2628,52.040016,-0.755979,MK9 3DR,Socket 2,1
2630,52.044769,-0.750655,MK9 3EP,Socket 1,0
2630,52.044769,-0.750655,MK9 3EP,Socket 2,0
2631,52.042042,-0.760416,MK9 3PD,Socket 1,0
2631,52.042042,-0.760416,MK9 3PD,Socket 2,0
2632,52.044418,-0.755967,MK9 3AR,Socket 1,1
2632,52.044418,-0.755967,MK9 3AR,Socket 2,0
2636,52.898701,-1.867980,ST14 7FH,Socket 1,0
2636,52.898701,-1.867980,ST14 7FH,Socket 2,0
1930,52.043396,-0.748399,MK9 3NZ,Socket 1,1
1930,52.043396,-0.748399,MK9 3NZ,Socket 2,1
2640,52.628101,-1.202240,LE3 3LF,Socket 1,0
2640,52.628101,-1.202240,LE3 3LF,Socket 2,0
2641,52.628201,-1.202360,LE3 3LF,Socket 1,0
2641,52.628201,-1.202360,LE3 3LF,Socket 2,0
2642,52.591400,-1.188120,LE19 2AB,Socket 1,0
2642,52.591400,-1.188120,LE19 2AB,Socket 2,1
2637,52.591393,-1.187930,LE19 2AB,Socket 1,0
2637,52.591393,-1.187930,LE19 2AB,Socket 2,0
2638,52.651920,-1.137503,LE4 5QU,Socket 1,0
2638,52.651920,-1.137503,LE4 5QU,Socket 2,0
2639,52.651821,-1.137403,LE4 5QU,Socket 1,0
2639,52.651821,-1.137403,LE4 5QU,Socket 2,0
1789,51.759499,-0.440325,HP2 4SF,Socket 1,2
1789,51.759499,-0.440325,HP2 4SF,Socket 2,2
2658,51.442036,-0.415575,TW13 4FG,Socket 1,0
2658,51.442036,-0.415575,TW13 4FG,Socket 2,0
2659,51.441959,-0.415661,TW13 4FG,Socket 1,0
2659,51.441959,-0.415661,TW13 4FG,Socket 2,0
2687,52.537651,-2.807705,SY6 6BZ,Socket 1,0
2687,52.537651,-2.807705,SY6 6BZ,Socket 2,1
2746,51.518520,-0.645779,SL1 5RB,Socket 1,2
2746,51.518520,-0.645779,SL1 5RB,Socket 2,2
2748,51.533970,-0.631309,SL2 2ES,Socket 1,1
2748,51.533970,-0.631309,SL2 2ES,Socket 2,0
1898,51.557945,-0.360678,HA2 8JN,Socket 1,0
1898,51.557945,-0.360678,HA2 8JN,Socket 2,0
2716,51.535793,-0.161171,NW8 7LA,Socket 1,0
2716,51.535793,-0.161171,NW8 7LA,Socket 2,0
2722,51.529308,-0.176234,NW8 9SD,Socket 1,0
2722,51.529308,-0.176234,NW8 9SD,Socket 2,1
2723,51.517235,-0.136815,W1T 3LN,Socket 1,2
2723,51.517235,-0.136815,W1T 3LN,Socket 2,2
2780,51.513557,-0.183637,W2 3AN,Socket 1,0
2780,51.513557,-0.183637,W2 3AN,Socket 2,1
2785,51.517120,-0.136750,W1T 3LN,Socket 1,0
2785,51.517120,-0.136750,W1T 3LN,Socket 2,1
2786,51.513504,-0.183618,W2 3AN,Socket 1,0
2786,51.513504,-0.183618,W2 3AN,Socket 2,1
2800,51.331848,-0.531819,GU21 5SE,Socket 1,1
2800,51.331848,-0.531819,GU21 5SE,Socket 2,1
2801,51.331905,-0.531702,GU21 5SE,Socket 1,0
2801,51.331905,-0.531702,GU21 5SE,Socket 2,1
2823,51.590218,-2.749694,NP26 5DB,Socket 1,0
2823,51.590218,-2.749694,NP26 5DB,Socket 2,0
1644,51.750500,-0.338247,AL1 1NG,Socket 1,0
1644,51.750500,-0.338247,AL1 1NG,Socket 2,0
2851,53.853073,-1.765400,BD17 6ND,Socket 1,2
2851,53.853073,-1.765400,BD17 6ND,Socket 2,2
2856,53.199066,-2.917349,CH1 4QG,Socket 1,1
2856,53.199066,-2.917349,CH1 4QG,Socket 2,0
2857,53.199093,-2.917303,CH1 4QG,Socket 1,0
2857,53.199093,-2.917303,CH1 4QG,Socket 2,0
2858,51.671944,-0.039567,EN3 6ND,Socket 1,0
2858,51.671944,-0.039567,EN3 6ND,Socket 2,0
2861,51.671955,-0.039597,EN3 6ND,Socket 1,0
2861,51.671955,-0.039597,EN3 6ND,Socket 2,1
21030,52.116016,-1.939138,WR11 4TP,Connector 1,0
21030,52.116016,-1.939138,WR11 4TP,Connector 2,0
21030,52.116016,-1.939138,WR11 4TP,Connector 3,0
21031,52.186031,-2.180874,WR5 2NP,Connector 1,2
21031,52.186031,-2.180874,WR5 2NP,Connector 2,2
21031,52.186031,-2.180874,WR5 2NP,Connector 3,2
21034,52.115955,-1.939115,WR11 4TP,Connector 1,0
21034,52.115955,-1.939115,WR11 4TP,Connector 2,0
21034,52.115955,-1.939115,WR11 4TP,Connector 3,0
2824,53.649044,-2.630431,PR7 3DJ,Socket 1,1
2824,53.649044,-2.630431,PR7 3DJ,Socket 2,0
2870,51.500355,-0.425383,UB3 4AZ,Socket 1,0
2870,51.500355,-0.425383,UB3 4AZ,Socket 2,0
2871,51.500748,-0.425460,UB3 4AZ,Socket 1,1
2871,51.500748,-0.425460,UB3 4AZ,Socket 2,1
2872,51.500481,-0.425237,UB3 4AZ,Socket 1,1
2872,51.500481,-0.425237,UB3 4AZ,Socket 2,1
2873,51.500381,-0.425547,UB3 4AZ,Socket 1,0
2873,51.500381,-0.425547,UB3 4AZ,Socket 2,0
2874,51.500103,-0.425553,UB3 4AZ,Socket 1,0
2874,51.500103,-0.425553,UB3 4AZ,Socket 2,0
2876,51.500328,-0.425513,UB3 4AZ,Socket 1,0
2876,51.500328,-0.425513,UB3 4AZ,Socket 2,0
2877,51.500385,-0.425575,UB3 4AZ,Socket 1,0
2877,51.500385,-0.425575,UB3 4AZ,Socket 2,0
2878,51.501057,-0.424543,UB3 4AZ,Socket 1,0
2878,51.501057,-0.424543,UB3 4AZ,Socket 2,0
2879,51.500267,-0.425404,UB3 4AZ,Socket 1,0
2879,51.500267,-0.425404,UB3 4AZ,Socket 2,0
2880,51.500511,-0.425518,UB3 4AZ,Socket 1,0
2880,51.500511,-0.425518,UB3 4AZ,Socket 2,0
2881,51.500481,-0.425241,UB3 4AZ,Socket 1,0
2881,51.500481,-0.425241,UB3 4AZ,Socket 2,0
2882,51.500351,-0.425386,UB3 4AZ,Socket 1,0
2882,51.500351,-0.425386,UB3 4AZ,Socket 2,0
2884,51.500660,-0.424853,UB3 4AZ,Socket 1,0
2884,51.500660,-0.424853,UB3 4AZ,Socket 2,0
2886,51.500706,-0.424671,UB3 4AZ,Socket 1,0
2886,51.500706,-0.424671,UB3 4AZ,Socket 2,0
2887,51.500481,-0.425536,UB3 4AZ,Socket 1,0
2887,51.500481,-0.425536,UB3 4AZ,Socket 2,0
2888,51.500366,-0.425417,UB3 4AZ,Socket 1,0
2888,51.500366,-0.425417,UB3 4AZ,Socket 2,0
2885,51.500599,-0.425491,UB3 4AZ,Socket 1,1
2885,51.500599,-0.425491,UB3 4AZ,Socket 2,1
2889,51.500488,-0.425575,UB3 4AZ,Socket 1,0
2889,51.500488,-0.425575,UB3 4AZ,Socket 2,0
2883,51.500793,-0.425271,UB3 4AZ,Socket 1,0
2883,51.500793,-0.425271,UB3 4AZ,Socket 2,1
2927,52.457840,-2.141150,DY8  1JR,Socket 1,2
2927,52.457840,-2.141150,DY8  1JR,Socket 2,2
2928,52.457851,-2.141150,DY8  1JR,Socket 1,0
2928,52.457851,-2.141150,DY8  1JR,Socket 2,0
2929,52.457851,-2.141150,DY8  1JR,Socket 1,2
2929,52.457851,-2.141150,DY8  1JR,Socket 2,2
1553,51.557201,-0.393800,HA4 0LR,Socket 1,2
1553,51.557201,-0.393800,HA4 0LR,Socket 2,2
1880,52.041019,1.096560,IP8 3TQ,Socket 1,0
1880,52.041019,1.096560,IP8 3TQ,Socket 2,0
1653,52.070724,1.267587,IP5 3QN,Socket 1,2
1653,52.070724,1.267587,IP5 3QN,Socket 2,2
1694,51.764519,-0.226680,AL10 0UR,Socket 1,0
1694,51.764519,-0.226680,AL10 0UR,Socket 2,0
3014,51.577579,-0.223683,NW4 3FP,Socket 1,2
3014,51.577579,-0.223683,NW4 3FP,Socket 2,2
3009,51.501141,-0.424914,UB3 4AZ,Socket 1,0
3009,51.501141,-0.424914,UB3 4AZ,Socket 2,0
3015,51.577587,-0.223693,NW4 3FP,Socket 1,0
3015,51.577587,-0.223693,NW4 3FP,Socket 2,1
3016,51.577599,-0.223700,NW4 3FP,Socket 1,1
3016,51.577599,-0.223700,NW4 3FP,Socket 2,1
3084,51.270809,1.061258,CT1 3TU,Socket 1,0
3084,51.270809,1.061258,CT1 3TU,Socket 2,0
22004,52.064610,-0.791598,MK13 0BT,Connector 1,2
22004,52.064610,-0.791598,MK13 0BT,Connector 2,2
22004,52.064610,-0.791598,MK13 0BT,Connector 3,2
22007,51.989147,-0.769283,MK3 5NG,Connector 1,0
22007,51.989147,-0.769283,MK3 5NG,Connector 2,0
22007,51.989147,-0.769283,MK3 5NG,Connector 3,0
22009,52.008652,-0.771310,MK4 1EN,Connector 1,2
22009,52.008652,-0.771310,MK4 1EN,Connector 2,2
22009,52.008652,-0.771310,MK4 1EN,Connector 3,2
22024,52.011307,-0.708341,MK7 8HP,Connector 1,0
22024,52.011307,-0.708341,MK7 8HP,Connector 2,0
22024,52.011307,-0.708341,MK7 8HP,Connector 3,0
3108,51.320747,-0.137154,CR5 2NH,Socket 1,0
3108,51.320747,-0.137154,CR5 2NH,Socket 2,0
3115,51.561283,-1.788680,SN1 5AH,Socket 1,0
3115,51.561283,-1.788680,SN1 5AH,Socket 2,0
3109,51.320755,-0.137162,CR5 2NH,Socket 1,0
3109,51.320755,-0.137162,CR5 2NH,Socket 2,0
3197,52.626362,1.239358,NR7 7TQ,Socket 1,0
3197,52.626362,1.239358,NR7 7TQ,Socket 2,1
22034,52.047691,-0.699316,MK10 9NY,Connector 1,2
22034,52.047691,-0.699316,MK10 9NY,Connector 2,2
22034,52.047691,-0.699316,MK10 9NY,Connector 3,2
22041,52.056198,-0.852845,MK11 1YA,Connector 1,2
22041,52.056198,-0.852845,MK11 1YA,Connector 2,2
22041,52.056198,-0.852845,MK11 1YA,Connector 3,2
22046,52.066010,-0.632286,MK43 0AL,Connector 1,1
22046,52.066010,-0.632286,MK43 0AL,Connector 2,2
22046,52.066010,-0.632286,MK43 0AL,Connector 3,2
3104,51.397133,-3.278570,CF62 5AT,Socket 1,0
3104,51.397133,-3.278570,CF62 5AT,Socket 2,0
3105,51.397175,-3.278613,CF62 5QN,Socket 1,0
3105,51.397175,-3.278613,CF62 5QN,Socket 2,1
3181,55.801510,-4.390377,G78 1SW,Socket 1,0
3181,55.801510,-4.390377,G78 1SW,Socket 2,0
708,51.521053,-0.106742,EC1N 8XA,Socket 1,0
708,51.521053,-0.106742,EC1N 8XA,Socket 2,0
3196,52.626297,1.239350,NR7 7TQ,Socket 1,0
3196,52.626297,1.239350,NR7 7TQ,Socket 2,0
3201,51.317055,-2.210966,BA14 8JN,Socket 1,0
3201,51.317055,-2.210966,BA14 8JN,Socket 2,0
3202,51.317207,-2.211070,BA14 8JN,Socket 1,1
3202,51.317207,-2.211070,BA14 8JN,Socket 2,1
3203,51.051502,-1.782799,SP5 4DS,Socket 1,1
3203,51.051502,-1.782799,SP5 4DS,Socket 2,0
3204,51.461197,-2.114773,SN15 1ER,Socket 1,0
3204,51.461197,-2.114773,SN15 1ER,Socket 2,0
3205,51.317101,-2.210966,BA14 8JN,Socket 1,1
3205,51.317101,-2.210966,BA14 8JN,Socket 2,0
3206,51.316338,-2.209705,BA14 8JN,Socket 1,0
3206,51.316338,-2.209705,BA14 8JN,Socket 2,0
3207,51.317261,-2.210937,BA14 8JN,Socket 1,0
3207,51.317261,-2.210937,BA14 8JN,Socket 2,0
3208,51.461166,-2.114967,SN15 1ER,Socket 1,0
3208,51.461166,-2.114967,SN15 1ER,Socket 2,1
21035,52.302563,-2.105456,WR9 0DG,Connector 1,2
21035,52.302563,-2.105456,WR9 0DG,Connector 2,2
21035,52.302563,-2.105456,WR9 0DG,Connector 3,2
21036,52.292480,-1.917581,B98 7HD,Connector 1,2
21036,52.292480,-1.917581,B98 7HD,Connector 2,2
21036,52.292480,-1.917581,B98 7HD,Connector 3,2
21037,52.318207,-1.942050,B97 6EJ,Connector 1,0
21037,52.318207,-1.942050,B97 6EJ,Connector 2,0
21037,52.318207,-1.942050,B97 6EJ,Connector 3,0
3240,51.507774,-0.595329,SL1 1XS,Socket 1,0
3240,51.507774,-0.595329,SL1 1XS,Socket 2,0
3238,51.506298,-0.586019,SL1 1QE,Socket 1,0
3238,51.506298,-0.586019,SL1 1QE,Socket 2,0
3239,51.507774,-0.595329,SL1 1XS,Socket 1,0
3239,51.507774,-0.595329,SL1 1XS,Socket 2,0
3209,51.078442,-1.802173,SP1 3NR,Socket 1,0
3209,51.078442,-1.802173,SP1 3NR,Socket 2,0
3211,51.078461,-1.802190,SP1 3NR,Socket 1,1
3211,51.078461,-1.802190,SP1 3NR,Socket 2,1
3212,51.062435,-1.771812,SP5 3BZ,Socket 1,0
3212,51.062435,-1.771812,SP5 3BZ,Socket 2,0
3213,51.067165,-2.085032,SP3 6HJ,Socket 1,0
3213,51.067165,-2.085032,SP3 6HJ,Socket 2,0
3215,51.261410,-2.184536,BA13 3BW,Socket 1,0
3215,51.261410,-2.184536,BA13 3BW,Socket 2,1
3217,51.078491,-1.802199,SP1 3NR,Socket 1,0
3217,51.078491,-1.802199,SP1 3NR,Socket 2,0
3218,51.542469,-1.905876,SN4 7AX,Socket 1,0
3218,51.542469,-1.905876,SN4 7AX,Socket 2,0
3220,51.078506,-1.802223,SP1 3NR,Socket 1,0
3220,51.078506,-1.802223,SP1 3NR,Socket 2,0
3224,51.431454,-2.193229,SN13 9DN,Socket 1,0
3224,51.431454,-2.193229,SN13 9DN,Socket 2,0
3228,51.431454,-2.193229,SN13 9DN,Socket 1,1
3228,51.431454,-2.193229,SN13 9DN,Socket 2,0
3257,51.814175,-0.038566,SG12 0AE,Socket 1,1
3257,51.814175,-0.038566,SG12 0AE,Socket 2,1
2261,50.795719,0.321407,BN23 6JH,Socket 1,1
2261,50.795719,0.321407,BN23 6JH,Socket 2,0
2260,50.795719,0.321407,BN23 6JH,Socket 1,0
2260,50.795719,0.321407,BN23 6JH,Socket 2,0
3281,53.987881,-1.045356,YO32 9GX,Socket 1,1
3281,53.987881,-1.045356,YO32 9GX,Socket 2,1
3282,53.987804,-1.045359,YO32 9GX,Socket 1,1
3282,53.987804,-1.045359,YO32 9GX,Socket 2,1
3283,53.986790,-1.047236,YO32 9GX,Socket 1,0
3283,53.986790,-1.047236,YO32 9GX,Socket 2,0
3284,53.767391,-1.564538,LS11 8AG,Socket 1,0
3284,53.767391,-1.564538,LS11 8AG,Socket 2,1
2063,52.041805,-0.761726,MK9 2AD,Socket 1,0
2063,52.041805,-0.761726,MK9 2AD,Socket 2,0
21038,52.387684,-2.251058,DY10 1AA,Connector 1,2
21038,52.387684,-2.251058,DY10 1AA,Connector 2,2
21038,52.387684,-2.251058,DY10 1AA,Connector 3,2
21039,52.192024,-2.216446,WR1 2BS,Connector 1,0
21039,52.192024,-2.216446,WR1 2BS,Connector 2,0
21039,52.192024,-2.216446,WR1 2BS,Connector 3,0
3372,51.063168,-0.334583,RH12 1QJ,Socket 1,0
3372,51.063168,-0.334583,RH12 1QJ,Socket 2,0
3373,51.063156,-0.334573,RH12 1QJ,Socket 1,1
3373,51.063156,-0.334573,RH12 1QJ,Socket 2,0
3374,51.918045,-1.157201,OX27 8TG,Socket 1,0
3374,51.918045,-1.157201,OX27 8TG,Socket 2,1
3385,51.419498,-0.424923,TW16 7DH,Socket 1,0
3385,51.419498,-0.424923,TW16 7DH,Socket 2,0
3386,51.419498,-0.424838,TW16 7DH,Socket 1,0
3386,51.419498,-0.424838,TW16 7DH,Socket 2,0
3387,51.419502,-0.424700,TW16 7DH,Socket 1,0
3387,51.419502,-0.424700,TW16 7DH,Socket 2,0
3388,51.419342,-0.424419,TW16 7DH,Socket 1,0
3388,51.419342,-0.424419,TW16 7DH,Socket 2,0
3389,51.419495,-0.424570,TW16 7DH,Socket 1,0
3389,51.419495,-0.424570,TW16 7DH,Socket 2,0
3390,51.419460,-0.424460,TW16 7DH,Socket 1,0
3390,51.419460,-0.424460,TW16 7DH,Socket 2,0
3391,51.646286,-0.060028,EN1 1UJ,Socket 1,1
3391,51.646286,-0.060028,EN1 1UJ,Socket 2,1
3392,51.646175,-0.059904,EN1 1UJ,Socket 1,1
3392,51.646175,-0.059904,EN1 1UJ,Socket 2,0
3393,51.646252,-0.059898,EN1 1UJ,Socket 1,0
3393,51.646252,-0.059898,EN1 1UJ,Socket 2,2
3394,51.646210,-0.059918,EN1 1UJ,Socket 1,1
3394,51.646210,-0.059918,EN1 1UJ,Socket 2,0
3395,51.646282,-0.059898,EN1 1UJ,Socket 1,2
3395,51.646282,-0.059898,EN1 1UJ,Socket 2,2
3362,51.646229,-0.059904,EN1 1UJ,Socket 1,1
3362,51.646229,-0.059904,EN1 1UJ,Socket 2,1
21040,52.192879,-2.225538,WR1 3LE,Connector 1,2
21040,52.192879,-2.225538,WR1 3LE,Connector 2,2
21040,52.192879,-2.225538,WR1 3LE,Connector 3,2
21041,52.192879,-2.225538,WR1 3LE,Connector 1,2
21041,52.192879,-2.225538,WR1 3LE,Connector 2,2
21041,52.192879,-2.225538,WR1 3LE,Connector 3,2
3363,51.398560,0.553123,ME7 1RZ,Socket 1,1
3363,51.398560,0.553123,ME7 1RZ,Socket 2,1
3364,51.398560,0.553123,ME7 1 RZ,Socket 1,0
3364,51.398560,0.553123,ME7 1 RZ,Socket 2,1
3245,51.486111,-0.375351,TW5 0LW,Socket 1,0
3245,51.486111,-0.375351,TW5 0LW,Socket 2,0
3367,51.482082,-0.134146,SW8 5DN,Socket 1,0
3367,51.482082,-0.134146,SW8 5DN,Socket 2,0
3368,51.482101,-0.134166,SW8 5DN,Socket 1,0
3368,51.482101,-0.134166,SW8 5DN,Socket 2,1
3369,51.482121,-0.134186,SW8 5DN,Socket 1,1
3369,51.482121,-0.134186,SW8 5DN,Socket 2,0
3370,51.482140,-0.134206,SW8 5DN,Socket 1,0
3370,51.482140,-0.134206,SW8 5DN,Socket 2,0
3371,51.482162,-0.134226,SW8 5DN,Socket 1,0
3371,51.482162,-0.134226,SW8 5DN,Socket 2,0
3396,51.482182,-0.134246,SW8 5DN,Socket 1,0
3396,51.482182,-0.134246,SW8 5DN,Socket 2,0
3397,51.482201,-0.134266,SW8 5DN,Socket 1,0
3397,51.482201,-0.134266,SW8 5DN,Socket 2,0
3449,51.918949,-1.159180,OX27 8TG,Socket 1,0
3449,51.918949,-1.159180,OX27 8TG,Socket 2,0
3442,53.397034,-2.369258,WA14 5FY,Socket 1,1
3442,53.397034,-2.369258,WA14 5FY,Socket 2,0
3443,53.397034,-2.369258,WA14 5FY,Socket 1,0
3443,53.397034,-2.369258,WA14 5FY,Socket 2,0
3423,52.606915,1.288775,NR4 6DQ,Socket 1,0
3423,52.606915,1.288775,NR4 6DQ,Socket 2,0
3424,52.606808,1.288868,NR4 6DQ,Socket 1,1
3424,52.606808,1.288868,NR4 6DQ,Socket 2,0
3491,52.301174,-1.935729,B98 7ER,Socket 1,0
3491,52.301174,-1.935729,B98 7ER,Socket 2,0
3511,51.273403,-0.724809,GU12 5QF,Socket 1,1
3511,51.273403,-0.724809,GU12 5QF,Socket 2,0
3512,51.273415,-0.725049,GU12 5QF,Socket 1,1
3512,51.273415,-0.725049,GU12 5QF,Socket 2,0
3514,51.239197,-0.573788,GU1 4QG,Socket 1,0
3514,51.239197,-0.573788,GU1 4QG,Socket 2,0
3515,51.239212,-0.573790,GU1 4QG,Socket 1,0
3515,51.239212,-0.573790,GU1 4QG,Socket 2,1
3528,53.507153,-2.260850,M7 4NX,Socket 1,0
3528,53.507153,-2.260850,M7 4NX,Socket 2,0
3529,53.507088,-2.260855,M7 4NX,Socket 1,0
3529,53.507088,-2.260855,M7 4NX,Socket 2,0
3520,51.442051,-0.415504,TW13 4FG,Socket 1,0
3520,51.442051,-0.415504,TW13 4FG,Socket 2,0
3521,51.442112,-0.415671,TW13 4FG,Socket 1,1
3521,51.442112,-0.415671,TW13 4FG,Socket 2,1
3546,51.542294,-0.490450,UB8 2YF,Socket 1,0
3546,51.542294,-0.490450,UB8 2YF,Socket 2,0
3547,51.542454,-0.490664,UB8 2YF,Socket 1,0
3547,51.542454,-0.490664,UB8 2YF,Socket 2,0
3548,51.543037,-0.491231,UB8 2YF,Socket 1,1
3548,51.543037,-0.491231,UB8 2YF,Socket 2,0
3549,51.542500,-0.490565,UB8 2YF,Socket 1,0
3549,51.542500,-0.490565,UB8 2YF,Socket 2,0
3550,51.542278,-0.490430,UB8 2YF,Socket 1,0
3550,51.542278,-0.490430,UB8 2YF,Socket 2,0
3551,51.542351,-0.490564,UB8 2YF,Socket 1,0
3551,51.542351,-0.490564,UB8 2YF,Socket 2,0
3552,51.542938,-0.491131,UB8 2YF,Socket 1,0
3552,51.542938,-0.491131,UB8 2YF,Socket 2,0
3553,51.542652,-0.490158,UB8 2YF,Socket 1,0
3553,51.542652,-0.490158,UB8 2YF,Socket 2,0
3554,51.542473,-0.490458,UB8 2YF,Socket 1,0
3554,51.542473,-0.490458,UB8 2YF,Socket 2,0
3555,51.542839,-0.491031,UB8 2YF,Socket 1,0
3555,51.542839,-0.491031,UB8 2YF,Socket 2,1
3556,51.542473,-0.490438,UB8 2YF,Socket 1,0
3556,51.542473,-0.490438,UB8 2YF,Socket 2,0
3557,51.542507,-0.490512,UB8 2YF,Socket 1,0
3557,51.542507,-0.490512,UB8 2YF,Socket 2,0
3558,51.544510,-0.489718,UB8 2YF,Socket 1,0
3558,51.544510,-0.489718,UB8 2YF,Socket 2,0
3559,51.542252,-0.490464,UB8 2YF,Socket 1,0
3559,51.542252,-0.490464,UB8 2YF,Socket 2,0
3534,51.516739,-0.358234,UB1 3NW,Socket 1,0
3534,51.516739,-0.358234,UB1 3NW,Socket 2,0
3533,51.516819,-0.358736,UB1 3NW,Socket 1,0
3533,51.516819,-0.358736,UB1 3NW,Socket 2,0
23050,52.397141,-1.985728,B31 2TS,Connector 1,0
23050,52.397141,-1.985728,B31 2TS,Connector 2,0
23051,52.397144,-1.985640,B31 2TS,Connector 1,0
23051,52.397144,-1.985640,B31 2TS,Connector 2,0
23236,52.800564,-2.097137,ST17 4LZ,Connector 1,0
23236,52.800564,-2.097137,ST17 4LZ,Connector 2,0
23239,52.815189,-2.084800,ST18 0GE,Connector 1,0
23239,52.815189,-2.084800,ST18 0GE,Connector 2,0
23241,52.806511,-2.122650,ST16 2QP,Connector 1,0
23241,52.806511,-2.122650,ST16 2QP,Connector 2,0
23244,52.811131,-2.095400,ST16 3SA,Connector 1,0
23244,52.811131,-2.095400,ST16 3SA,Connector 2,0
23275,52.803410,-2.120970,ST16 2AA,Connector 1,0
23275,52.803410,-2.120970,ST16 2AA,Connector 2,0
23276,52.803410,-2.120970,ST16 2AA,Connector 1,0
23276,52.803410,-2.120970,ST16 2AA,Connector 2,0
23294,52.189968,-1.708808,CV37 6HB,Connector 1,0
23294,52.189968,-1.708808,CV37 6HB,Connector 2,0
23387,52.919102,-1.472261,DE1 2PQ,Connector 1,0
23387,52.919102,-1.472261,DE1 2PQ,Connector 2,0
23388,52.919098,-1.471954,DE1 2PQ,Connector 1,0
23388,52.919098,-1.471954,DE1 2PQ,Connector 2,0
3578,52.483047,-2.119108,DY5 3BJ,Socket 1,2
3578,52.483047,-2.119108,DY5 3BJ,Socket 2,2
3650,51.479340,-3.173709,CF10 2EQ,Socket 1,0
3650,51.479340,-3.173709,CF10 2EQ,Socket 2,0
3651,51.479366,-3.173753,CF10 2EQ,Socket 1,0
3651,51.479366,-3.173753,CF10 2EQ,Socket 2,1
3602,53.736694,-1.610056,LS27 0DQ,Socket 1,1
3602,53.736694,-1.610056,LS27 0DQ,Socket 2,0
3604,52.877113,-1.467320,DE24 9BD,Socket 1,0
3604,52.877113,-1.467320,DE24 9BD,Socket 2,0
3607,51.865105,-2.210811,GL4 3DG,Socket 1,0
3607,51.865105,-2.210811,GL4 3DG,Socket 2,0
3608,51.487690,0.024184,SE7 7AJ,Socket 1,0
3608,51.487690,0.024184,SE7 7AJ,Socket 2,0
3654,51.385429,-0.210806,SM3 9HB,Socket 1,0
3654,51.385429,-0.210806,SM3 9HB,Socket 2,0
3615,55.614155,-4.500185,KA1 3HY,Socket 1,0
3615,55.614155,-4.500185,KA1 3HY,Socket 2,0
3633,53.200390,-2.347031,CW4 8AF,Socket 1,0
3633,53.200390,-2.347031,CW4 8AF,Socket 2,0
3475,52.186375,0.192831,CB21 5XH,Socket 1,0
3475,52.186375,0.192831,CB21 5XH,Socket 2,1
3478,52.320824,-2.050009,B60 2LX,Socket 1,0
3478,52.320824,-2.050009,B60 2LX,Socket 2,0
3479,52.320854,-2.049885,B60 2LX,Socket 1,0
3479,52.320854,-2.049885,B60 2LX,Socket 2,0
3679,53.006134,-2.212308,ST4 6BX,Socket 1,1
3679,53.006134,-2.212308,ST4 6BX,Socket 2,1
106507,51.601677,-3.004369,NP20 5PP,Socket 1,0
21045,52.981201,-1.235930,NG8 6PY,Connector 1,0
21045,52.981201,-1.235930,NG8 6PY,Connector 2,0
21045,52.981201,-1.235930,NG8 6PY,Connector 3,0
21047,52.323723,-1.559589,CV8 2LD,Connector 1,2
21047,52.323723,-1.559589,CV8 2LD,Connector 2,2
21047,52.323723,-1.559589,CV8 2LD,Connector 3,2
345801,55.818630,-4.342979,G53 6EW,Socket 1,0
345801,55.818630,-4.342979,G53 6EW,Socket 2,0
345802,55.818829,-4.342999,G53 6EW,Socket 1,0
345802,55.818829,-4.342999,G53 6EW,Socket 2,0
345803,55.819031,-4.343019,G53 6EW,Socket 1,0
345803,55.819031,-4.343019,G53 6EW,Socket 2,0
345804,55.819229,-4.343039,G53 6EW,Socket 1,0
345804,55.819229,-4.343039,G53 6EW,Socket 2,0
3703,52.487057,-0.705240,NN17 1QG,Socket 1,0
3703,52.487057,-0.705240,NN17 1QG,Socket 2,0
3704,53.006035,-2.212208,ST4 6BX,Socket 1,1
3704,53.006035,-2.212208,ST4 6BX,Socket 2,1
3726,52.477837,-1.892903,B5 4BP,Socket 1,1
3726,52.477837,-1.892903,B5 4BP,Socket 2,1
3728,52.477837,-1.892903,B5 4BP,Socket 1,1
3728,52.477837,-1.892903,B5 4BP,Socket 2,0
3729,52.603458,-1.897580,WS9 0NU,Socket 1,0
3729,52.603458,-1.897580,WS9 0NU,Socket 2,0
3730,52.603458,-1.897636,WS9 0NU,Socket 1,0
3730,52.603458,-1.897636,WS9 0NU,Socket 2,0
3731,52.603462,-1.897554,WS9 0NU,Socket 1,2
3731,52.603462,-1.897554,WS9 0NU,Socket 2,2
3752,52.027531,0.263567,CB10 2NQ,Socket 1,0
3752,52.027531,0.263567,CB10 2NQ,Socket 2,0
3758,55.185078,-1.582446,NE63 8QZ,Socket 1,0
3758,55.185078,-1.582446,NE63 8QZ,Socket 2,0
3759,55.185173,-1.582706,NE63 8QZ,Socket 1,0
3759,55.185173,-1.582706,NE63 8QZ,Socket 2,1
3760,55.185181,-1.582702,NE63 8QZ,Socket 1,0
3760,55.185181,-1.582702,NE63 8QZ,Socket 2,0
3772,51.342552,-0.264363,KT19 9QG,Socket 1,1
3772,51.342552,-0.264363,KT19 9QG,Socket 2,1
3776,52.488934,-0.686095,NN17 1UJ,Socket 1,0
3776,52.488934,-0.686095,NN17 1UJ,Socket 2,0
3777,52.506088,-0.642275,NN17 5EU,Socket 1,0
3777,52.506088,-0.642275,NN17 5EU,Socket 2,1
3778,52.488941,-0.686094,NN17 1UJ,Socket 1,0
3778,52.488941,-0.686094,NN17 1UJ,Socket 2,0
3779,52.487312,-0.706111,NN17 1QG,Socket 1,0
3779,52.487312,-0.706111,NN17 1QG,Socket 2,0
3791,53.351376,-2.203448,SK9 3RW,Socket 1,1
3791,53.351376,-2.203448,SK9 3RW,Socket 2,0
3792,53.351250,-2.203408,SK9 3RW,Socket 1,1
3792,53.351250,-2.203408,SK9 3RW,Socket 2,1
3780,53.401230,-1.421732,S9 2AG,Socket 1,0
3780,53.401230,-1.421732,S9 2AG,Socket 2,0
3781,52.352493,-1.159274,NN6 7EX,Socket 1,0
3781,52.352493,-1.159274,NN6 7EX,Socket 2,0
3783,53.423103,-1.253765,S66 1YY,Socket 1,0
3783,53.423103,-1.253765,S66 1YY,Socket 2,0
3784,52.285355,-0.711840,NN8 2DR,Socket 1,0
3784,52.285355,-0.711840,NN8 2DR,Socket 2,1
3785,53.800472,-2.715475,PR3 5JE,Socket 1,0
3785,53.800472,-2.715475,PR3 5JE,Socket 2,0
3786,53.200821,-0.615699,LN6 3QZ,Socket 1,0
3786,53.200821,-0.615699,LN6 3QZ,Socket 2,0
3787,52.052711,-0.770604,MK13 7RA,Socket 1,0
3787,52.052711,-0.770604,MK13 7RA,Socket 2,0
3788,53.284008,-1.289587,S43 4WP,Socket 1,0
3788,53.284008,-1.289587,S43 4WP,Socket 2,1
3790,51.660042,-0.265913,WD6 1JY,Socket 1,0
3790,51.660042,-0.265913,WD6 1JY,Socket 2,0
3794,51.917496,-1.157285,OX27 8TG,Socket 1,0
3794,51.917496,-1.157285,OX27 8TG,Socket 2,0
3795,51.918064,-1.157323,OX27 8TG,Socket 1,2
3795,51.918064,-1.157323,OX27 8TG,Socket 2,0
3796,51.918293,-1.157444,OX27 8TG,Socket 1,0
3796,51.918293,-1.157444,OX27 8TG,Socket 2,0
3797,51.919048,-1.159280,OX27 8TG,Socket 1,0
3797,51.919048,-1.159280,OX27 8TG,Socket 2,0
3798,51.802353,1.158305,CO15 4AU,Socket 1,0
3798,51.802353,1.158305,CO15 4AU,Socket 2,0
3799,51.802338,1.158327,CO15 4AU,Socket 1,0
3799,51.802338,1.158327,CO15 4AU,Socket 2,0
3833,51.418331,-0.749229,RG12 1AP,Socket 1,0
3833,51.418331,-0.749229,RG12 1AP,Socket 2,0
3834,51.418331,-0.749229,RG12 1AP,Socket 1,0
3834,51.418331,-0.749229,RG12 1AP,Socket 2,0
3839,53.677616,-1.494001,WF1 1RN,Socket 1,0
3839,53.677616,-1.494001,WF1 1RN,Socket 2,0
3854,51.077129,-4.066540,EX31 2AA,Socket 1,0
3854,51.077129,-4.066540,EX31 2AA,Socket 2,0
3801,51.509300,-0.156662,W1K 7TY,Socket 1,0
3801,51.509300,-0.156662,W1K 7TY,Socket 2,1
3803,51.509300,-0.156662,W1K 7TY,Socket 1,2
3803,51.509300,-0.156662,W1K 7TY,Socket 2,0
3876,51.509323,-0.156607,W1K 7TY,Socket 1,0
3876,51.509323,-0.156607,W1K 7TY,Socket 2,0
3841,52.202892,-3.031843,HR5 3BH,Socket 1,2
3841,52.202892,-3.031843,HR5 3BH,Socket 2,2
1241,52.152626,-0.701165,MK46 4AJ,Socket 1,0
1241,52.152626,-0.701165,MK46 4AJ,Socket 2,0
24003,52.487286,-0.704472,NN17 1QG,Connector 1,0
24003,52.487286,-0.704472,NN17 1QG,Connector 2,0
24003,52.487286,-0.704472,NN17 1QG,Connector 3,0
3878,52.058887,-2.715686,HR4 9HG,Socket 1,0
3878,52.058887,-2.715686,HR4 9HG,Socket 2,0
24005,51.512306,-0.129504,WC2H 7PR,Connector 1,0
24005,51.512306,-0.129504,WC2H 7PR,Connector 2,0
24005,51.512306,-0.129504,WC2H 7PR,Connector 3,0
24006,51.514111,-0.137014,W1F 7NQ,Connector 1,0
24006,51.514111,-0.137014,W1F 7NQ,Connector 2,0
24006,51.514111,-0.137014,W1F 7NQ,Connector 3,0
24008,51.596039,0.221719,RM3 0GX,Connector 1,2
24008,51.596039,0.221719,RM3 0GX,Connector 2,2
24008,51.596039,0.221719,RM3 0GX,Connector 3,2
3886,52.688114,-1.123816,LE4 4NP,Socket 1,0
3886,52.688114,-1.123816,LE4 4NP,Socket 2,0
24012,51.678051,-0.437130,WD3 4TG,Connector 1,1
24012,51.678051,-0.437130,WD3 4TG,Connector 2,2
24012,51.678051,-0.437130,WD3 4TG,Connector 3,2
24015,52.423252,-0.727698,NN14 1UD,Connector 1,0
24015,52.423252,-0.727698,NN14 1UD,Connector 2,0
24015,52.423252,-0.727698,NN14 1UD,Connector 3,0
24016,51.596123,0.221428,RM3 0GX,Connector 1,0
24016,51.596123,0.221428,RM3 0GX,Connector 2,0
24016,51.596123,0.221428,RM3 0GX,Connector 3,0
24018,52.944710,-1.164522,NG7 1GX,Connector 1,0
24018,52.944710,-1.164522,NG7 1GX,Connector 2,0
24018,52.944710,-1.164522,NG7 1GX,Connector 3,0
24019,50.851700,-0.848300,PO18 8DL,Connector 1,0
24019,50.851700,-0.848300,PO18 8DL,Connector 2,0
24019,50.851700,-0.848300,PO18 8DL,Connector 3,0
24021,52.040924,-2.685823,HR2 6FG,Connector 1,1
24021,52.040924,-2.685823,HR2 6FG,Connector 2,2
24021,52.040924,-2.685823,HR2 6FG,Connector 3,2
24024,53.091732,-2.430318,CW1 6DR,Connector 1,0
24024,53.091732,-2.430318,CW1 6DR,Connector 2,0
24024,53.091732,-2.430318,CW1 6DR,Connector 3,0
24025,51.437531,0.240810,DA2 6NQ,Connector 1,0
24025,51.437531,0.240810,DA2 6NQ,Connector 2,0
24025,51.437531,0.240810,DA2 6NQ,Connector 3,2
24026,50.645599,-4.298500,PL16 0DE,Connector 1,1
24026,50.645599,-4.298500,PL16 0DE,Connector 2,2
24026,50.645599,-4.298500,PL16 0DE,Connector 3,2
24027,51.485134,0.283150,RM20 2ZP,Connector 1,1
24027,51.485134,0.283150,RM20 2ZP,Connector 2,2
24027,51.485134,0.283150,RM20 2ZP,Connector 3,2
24029,52.978928,-2.224626,ST5 4DL,Connector 1,1
24029,52.978928,-2.224626,ST5 4DL,Connector 2,2
24029,52.978928,-2.224626,ST5 4DL,Connector 3,2
24030,51.432446,-2.187003,SN13 0HH,Connector 1,0
24030,51.432446,-2.187003,SN13 0HH,Connector 2,0
24030,51.432446,-2.187003,SN13 0HH,Connector 3,0
21504,51.822620,-0.826540,HP19 8FF,Connector 1,0
21504,51.822620,-0.826540,HP19 8FF,Connector 2,0
21504,51.822620,-0.826540,HP19 8FF,Connector 3,0
21505,51.821621,-0.826540,HP19 8FF,Connector 1,0
21505,51.821621,-0.826540,HP19 8FF,Connector 2,0
21505,51.821621,-0.826540,HP19 8FF,Connector 3,0
21506,51.820621,-0.826540,HP19 8FF,Connector 1,0
21506,51.820621,-0.826540,HP19 8FF,Connector 2,0
21506,51.820621,-0.826540,HP19 8FF,Connector 3,0
21508,52.939121,0.488190,PE36 5EH,Connector 1,0
21508,52.939121,0.488190,PE36 5EH,Connector 2,0
21508,52.939121,0.488190,PE36 5EH,Connector 3,0
21509,52.752815,0.399387,PE30 1BT,Connector 1,2
21509,52.752815,0.399387,PE30 1BT,Connector 2,2
21509,52.752815,0.399387,PE30 1BT,Connector 3,2
21510,52.752808,0.399263,PE30 1BT,Connector 1,2
21510,52.752808,0.399263,PE30 1BT,Connector 2,2
21510,52.752808,0.399263,PE30 1BT,Connector 3,2
21511,52.752842,0.399049,PE30 1BT,Connector 1,0
21511,52.752842,0.399049,PE30 1BT,Connector 2,0
21511,52.752842,0.399049,PE30 1BT,Connector 3,0
21512,51.116390,-0.191917,RH11 7AE,Connector 1,0
21512,51.116390,-0.191917,RH11 7AE,Connector 2,0
21512,51.116390,-0.191917,RH11 7AE,Connector 3,0
21513,51.445889,0.215210,DA1 2AU,Connector 1,0
21513,51.445889,0.215210,DA1 2AU,Connector 2,0
21513,51.445889,0.215210,DA1 2AU,Connector 3,0
21514,51.445992,0.215210,DA1 2AU,Connector 1,0
21514,51.445992,0.215210,DA1 2AU,Connector 2,0
21514,51.445992,0.215210,DA1 2AU,Connector 3,0
21515,51.446091,0.215210,DA1 2AU,Connector 1,0
21515,51.446091,0.215210,DA1 2AU,Connector 2,0
21515,51.446091,0.215210,DA1 2AU,Connector 3,0
21516,52.483841,-2.120100,DY5 1UR,Connector 1,0
21516,52.483841,-2.120100,DY5 1UR,Connector 2,0
21516,52.483841,-2.120100,DY5 1UR,Connector 3,0
21518,52.509727,-2.090524,DY1 1RT,Connector 1,2
21518,52.509727,-2.090524,DY1 1RT,Connector 2,0
21518,52.509727,-2.090524,DY1 1RT,Connector 3,2
21522,51.285366,1.345632,CT13 9FF,Connector 1,0
21522,51.285366,1.345632,CT13 9FF,Connector 2,0
21522,51.285366,1.345632,CT13 9FF,Connector 3,0
21524,51.319672,-0.742550,GU16 7UJ,Connector 1,0
21524,51.319672,-0.742550,GU16 7UJ,Connector 2,0
21524,51.319672,-0.742550,GU16 7UJ,Connector 3,0
21525,51.319672,-0.741550,GU16 7UJ,Connector 1,0
21525,51.319672,-0.741550,GU16 7UJ,Connector 2,0
21525,51.319672,-0.741550,GU16 7UJ,Connector 3,0
21526,50.794807,0.047872,BN9 9BH,Connector 1,2
21526,50.794807,0.047872,BN9 9BH,Connector 2,2
21526,50.794807,0.047872,BN9 9BH,Connector 3,2
21527,50.840240,0.138820,BN26 6UE,Connector 1,0
21527,50.840240,0.138820,BN26 6UE,Connector 2,0
21527,50.840240,0.138820,BN26 6UE,Connector 3,0
21529,50.853001,-0.159810,BN1 5JD,Connector 1,0
21529,50.853001,-0.159810,BN1 5JD,Connector 2,0
21529,50.853001,-0.159810,BN1 5JD,Connector 3,0
21530,54.908058,-1.484940,SR5 3NY,Connector 1,0
21530,54.908058,-1.484940,SR5 3NY,Connector 2,0
21530,54.908058,-1.484940,SR5 3NY,Connector 3,0
21532,50.887409,0.318320,BN27 4JX,Connector 1,0
21532,50.887409,0.318320,BN27 4JX,Connector 2,0
21532,50.887409,0.318320,BN27 4JX,Connector 3,0
21533,51.022919,-0.452860,RH14 9JZ,Connector 1,0
21533,51.022919,-0.452860,RH14 9JZ,Connector 2,0
21533,51.022919,-0.452860,RH14 9JZ,Connector 3,0
21534,50.919029,-0.454430,RH20 4PA,Connector 1,0
21534,50.919029,-0.454430,RH20 4PA,Connector 2,0
21534,50.919029,-0.454430,RH20 4PA,Connector 3,0
21536,50.874931,0.017440,BN7 2BY,Connector 1,0
21536,50.874931,0.017440,BN7 2BY,Connector 2,0
21536,50.874931,0.017440,BN7 2BY,Connector 3,0
21538,51.256191,-0.192170,RH2 0HX,Connector 1,0
21538,51.256191,-0.192170,RH2 0HX,Connector 2,0
21538,51.256191,-0.192170,RH2 0HX,Connector 3,0
21539,51.449780,0.030614,SE9 5LU,Connector 1,0
21539,51.449780,0.030614,SE9 5LU,Connector 2,0
21539,51.449780,0.030614,SE9 5LU,Connector 3,0
21541,51.472565,-0.012363,SE10 8SX,Connector 1,2
21541,51.472565,-0.012363,SE10 8SX,Connector 2,1
21541,51.472565,-0.012363,SE10 8SX,Connector 3,2
21543,51.510639,-0.592180,SL1 1XL,Connector 1,0
21543,51.510639,-0.592180,SL1 1XL,Connector 2,0
21543,51.510639,-0.592180,SL1 1XL,Connector 3,0
21544,50.989510,-0.738030,GU29 9DH,Connector 1,0
21544,50.989510,-0.738030,GU29 9DH,Connector 2,0
21544,50.989510,-0.738030,GU29 9DH,Connector 3,0
21547,51.261154,-0.566568,Surrey,Connector 1,0
21547,51.261154,-0.566568,Surrey,Connector 2,0
21547,51.261154,-0.566568,Surrey,Connector 3,0
21548,51.405258,-0.981020,RG7 1JY,Connector 1,0
21548,51.405258,-0.981020,RG7 1JY,Connector 2,0
21548,51.405258,-0.981020,RG7 1JY,Connector 3,0
21549,51.405361,-0.981020,RG7 1JY,Connector 1,0
21549,51.405361,-0.981020,RG7 1JY,Connector 2,0
21549,51.405361,-0.981020,RG7 1JY,Connector 3,0
21550,51.423168,-0.862570,RG40 5QP,Connector 1,0
21550,51.423168,-0.862570,RG40 5QP,Connector 2,0
21550,51.423168,-0.862570,RG40 5QP,Connector 3,0
21551,51.437851,-0.893800,RG41 5TS,Connector 1,0
21551,51.437851,-0.893800,RG41 5TS,Connector 2,0
21551,51.437851,-0.893800,RG41 5TS,Connector 3,0
21552,51.437950,-0.893800,RG41 5TS,Connector 1,0
21552,51.437950,-0.893800,RG41 5TS,Connector 2,0
21552,51.437950,-0.893800,RG41 5TS,Connector 3,0
21553,51.411812,-0.838323,RG40 1WL,Connector 1,0
21553,51.411812,-0.838323,RG40 1WL,Connector 2,0
21553,51.411812,-0.838323,RG40 1WL,Connector 3,0
33021,51.283630,1.093240,CT1 1YW,Connector 1,0
33021,51.283630,1.093240,CT1 1YW,Connector 2,0
33026,51.145649,0.878750,Ashford,Connector 1,0
33026,51.145649,0.878750,Ashford,Connector 2,1
33055,53.776814,-1.576236,LS11 8TU,Connector 1,0
33055,53.776814,-1.576236,LS11 8TU,Connector 2,0
33084,51.469620,-2.659059,BS8 3RA,Connector 1,0
33084,51.469620,-2.659059,BS8 3RA,Connector 2,1
33087,52.462662,-2.014730,B62 9AS,Connector 1,0
33087,52.462662,-2.014730,B62 9AS,Connector 2,0
33140,53.807133,-1.556183,LS2 9JT,Connector 1,0
33140,53.807133,-1.556183,LS2 9JT,Connector 2,0
33141,53.803650,-1.552900,LS2 9JT,Connector 1,1
33141,53.803650,-1.552900,LS2 9JT,Connector 2,0
33142,53.809250,-1.554083,LS2 9JT,Connector 1,0
33142,53.809250,-1.554083,LS2 9JT,Connector 2,0
33143,53.807919,-1.562417,LS2 9JT,Connector 1,0
33143,53.807919,-1.562417,LS2 9JT,Connector 2,0
33148,51.449326,-2.600200,BS1 5LL,Connector 1,0
33148,51.449326,-2.600200,BS1 5LL,Connector 2,2
33149,51.453323,-2.587170,BS1 6EU,Connector 1,0
33149,51.453323,-2.587170,BS1 6EU,Connector 2,0
33152,51.384998,-2.369070,BA1 2NB,Connector 1,0
33152,51.384998,-2.369070,BA1 2NB,Connector 2,0
33153,51.413971,-2.496780,BS31 1LA,Connector 1,1
33153,51.413971,-2.496780,BS31 1LA,Connector 2,0
33161,52.646339,-2.472370,TF4 3TX,Connector 1,0
33161,52.646339,-2.472370,TF4 3TX,Connector 2,0
33167,52.420929,-1.439030,CV2 2DX,Connector 1,1
33167,52.420929,-1.439030,CV2 2DX,Connector 2,1
33168,52.423100,-1.436460,CV2 2DX,Connector 1,1
33168,52.423100,-1.436460,CV2 2DX,Connector 2,1
33170,52.622219,-1.123430,LE1 7RH,Connector 1,1
33170,52.622219,-1.123430,LE1 7RH,Connector 2,0
33173,51.894909,-2.083290,GL50 1SW,Connector 1,0
33173,51.894909,-2.083290,GL50 1SW,Connector 2,0
33174,51.899040,-2.074730,GL50 1JZ,Connector 1,0
33174,51.899040,-2.074730,GL50 1JZ,Connector 2,0
33178,53.955311,-1.090490,YO23 1AA,Connector 1,1
33178,53.955311,-1.090490,YO23 1AA,Connector 2,0
33181,53.985489,-1.123600,YO30 5XZ,Connector 1,0
33181,53.985489,-1.123600,YO30 5XZ,Connector 2,0
33187,50.232105,-5.228951,TR15 2SP,Connector 1,1
33187,50.232105,-5.228951,TR15 2SP,Connector 2,1
33189,50.443901,-4.470580,PL14 4EN,Connector 1,0
33189,50.443901,-4.470580,PL14 4EN,Connector 2,0
33197,52.915779,-1.468910,DE1 2QY,Connector 1,1
33197,52.915779,-1.468910,DE1 2QY,Connector 2,0
33198,52.910061,-1.516540,DE22 3NE,Connector 1,1
33198,52.910061,-1.516540,DE22 3NE,Connector 2,1
33199,52.913368,-1.516250,DE22 3NE,Connector 1,1
33199,52.913368,-1.516250,DE22 3NE,Connector 2,1
33255,51.893471,-2.131400,GL51 6SY,Connector 1,1
33255,51.893471,-2.131400,GL51 6SY,Connector 2,2
33256,51.864349,-2.245180,GL1 1PA,Connector 1,0
33256,51.864349,-2.245180,GL1 1PA,Connector 2,2
33257,51.868809,-2.252330,GL1 2TU,Connector 1,0
33257,51.868809,-2.252330,GL1 2TU,Connector 2,0
33261,53.712700,-1.348310,WF10 4UA,Connector 1,1
33261,53.712700,-1.348310,WF10 4UA,Connector 2,0
33262,51.132290,0.266540,TN1 2LU,Connector 1,0
33262,51.132290,0.266540,TN1 2LU,Connector 2,0
33263,53.645939,-1.778580,HD1 2QB,Connector 1,0
33263,53.645939,-1.778580,HD1 2QB,Connector 2,0
33264,53.776611,-1.576236,LS11 8TU,Connector 1,0
33264,53.776611,-1.576236,LS11 8TU,Connector 2,0
33267,53.804947,-1.546745,LS2 8BN,Connector 1,1
33267,53.804947,-1.546745,LS2 8BN,Connector 2,0
33268,53.804947,-1.546845,LS2 8BN,Connector 1,0
33268,53.804947,-1.546845,LS2 8BN,Connector 2,0
33269,53.804947,-1.546945,LS2 8BN,Connector 1,1
33269,53.804947,-1.546945,LS2 8BN,Connector 2,0
33270,53.804947,-1.546645,LS2 8BN,Connector 1,1
33270,53.804947,-1.546645,LS2 8BN,Connector 2,0
33271,53.804947,-1.546545,LS2 8BN,Connector 1,1
33271,53.804947,-1.546545,LS2 8BN,Connector 2,1
33277,53.406158,-2.891039,L14 3PE,Connector 1,0
33277,53.406158,-2.891039,L14 3PE,Connector 2,1
33283,53.399132,-2.959010,L8 7SS,Connector 1,1
33283,53.399132,-2.959010,L8 7SS,Connector 2,1
33303,51.800709,-4.965870,SA61 1TP,Connector 1,0
33303,51.800709,-4.965870,SA61 1TP,Connector 2,0
33316,52.268921,-1.540360,CV34 6SR,Connector 1,0
33316,52.268921,-1.540360,CV34 6SR,Connector 2,0
33320,53.702110,-1.651310,West Yorkshire,Connector 1,1
33320,53.702110,-1.651310,West Yorkshire,Connector 2,1
33407,51.130341,0.264420,TN1 1QQ,Connector 1,0
33407,51.130341,0.264420,TN1 1QQ,Connector 2,1
33411,53.808380,-1.558830,LS2 9JT,Connector 1,0
33411,53.808380,-1.558830,LS2 9JT,Connector 2,1
33414,52.803909,-2.122170,ST16 2AA,Connector 1,1
33414,52.803909,-2.122170,ST16 2AA,Connector 2,0
33415,52.804008,-2.122170,ST16 2AA,Connector 1,1
33415,52.804008,-2.122170,ST16 2AA,Connector 2,0
33416,53.796131,-1.557830,LS1 4AJ,Connector 1,1
33416,53.796131,-1.557830,LS1 4AJ,Connector 2,0
33423,53.931438,-1.115920,YO24 1LW,Connector 1,0
33423,53.931438,-1.115920,YO24 1LW,Connector 2,0
33433,51.279060,0.521020,ME14 1XX,Connector 1,0
33433,51.279060,0.521020,ME14 1XX,Connector 2,0
33446,51.278591,0.522310,ME14 1XQ,Connector 1,0
33446,51.278591,0.522310,ME14 1XQ,Connector 2,0
33447,51.278690,0.522310,ME14 1XQ,Connector 1,0
33447,51.278690,0.522310,ME14 1XQ,Connector 2,0
33465,53.931438,-1.116920,YO24 1LW,Connector 1,0
33465,53.931438,-1.116920,YO24 1LW,Connector 2,1
33470,53.018410,-1.485710,DE56 1WH,Connector 1,0
33470,53.018410,-1.485710,DE56 1WH,Connector 2,0
33472,53.262241,-1.920840,SK17 6TE,Connector 1,0
33472,53.262241,-1.920840,SK17 6TE,Connector 2,0
33476,53.048309,-1.410410,DE5 3HE,Connector 1,0
33476,53.048309,-1.410410,DE5 3HE,Connector 2,0
33482,51.149712,0.889520,TN24 8AD,Connector 1,1
33482,51.149712,0.889520,TN24 8AD,Connector 2,1
33483,51.304100,0.500330,ME20 7BU,Connector 1,0
33483,51.304100,0.500330,ME20 7BU,Connector 2,0
33484,51.418961,0.354520,DA11 7NP,Connector 1,0
33484,51.418961,0.354520,DA11 7NP,Connector 2,0
33485,51.279160,0.521020,ME14 1XX,Connector 1,0
33485,51.279160,0.521020,ME14 1XX,Connector 2,0
33486,51.155430,0.899710,Kennington,Connector 1,0
33486,51.155430,0.899710,Kennington,Connector 2,0
33497,51.339790,0.741020,ME10 3HT,Connector 1,0
33497,51.339790,0.741020,ME10 3HT,Connector 2,0
33527,52.410721,-1.778000,B91 3QS,Connector 1,0
33527,52.410721,-1.778000,B91 3QS,Connector 2,0
33539,51.802116,-4.973026,SA61 2LJ,Connector 1,0
33539,51.802116,-4.973026,SA61 2LJ,Connector 2,0
33540,50.985031,0.937650,TN28 8DQ,Connector 1,0
33540,50.985031,0.937650,TN28 8DQ,Connector 2,0
33599,53.973305,-1.150163,YO26 6QF,Connector 1,2
33599,53.973305,-1.150163,YO26 6QF,Connector 2,2
33609,53.950500,-1.019260,YO10 5FG,Connector 1,0
33609,53.950500,-1.019260,YO10 5FG,Connector 2,0
33624,53.955311,-1.091490,YO23 1AA,Connector 1,0
33624,53.955311,-1.091490,YO23 1AA,Connector 2,0
33625,53.925560,-1.078180,YO19 4TA,Connector 1,0
33625,53.925560,-1.078180,YO19 4TA,Connector 2,0
33625,53.925560,-1.078180,YO19 4TA,Connector 3,NA
33680,53.954830,-1.018810,YO19 5LA,Connector 1,0
33680,53.954830,-1.018810,YO19 5LA,Connector 2,0
33685,53.956059,-1.079420,YO1 9SA,Connector 1,0
33685,53.956059,-1.079420,YO1 9SA,Connector 2,1
33686,53.982559,-1.052410,YO32 9JU,Connector 1,0
33686,53.982559,-1.052410,YO32 9JU,Connector 2,0
33687,53.955208,-1.090200,YO23 1AA,Connector 1,1
33687,53.955208,-1.090200,YO23 1AA,Connector 2,1
33688,53.966061,-1.083930,YO31 7ES,Connector 1,0
33688,53.966061,-1.083930,YO31 7ES,Connector 2,1
33690,53.921558,-1.078186,YO19 4TA,Connector 1,0
33690,53.921558,-1.078186,YO19 4TA,Connector 2,1
33691,53.923561,-1.078286,YO19 4TA,Connector 1,0
33691,53.923561,-1.078286,YO19 4TA,Connector 2,0
22500,52.513889,-0.661111,NN17 5AF,Connector 1,1
22500,52.513889,-0.661111,NN17 5AF,Connector 2,0
22505,52.487171,-0.683060,NN18 8AL,Connector 1,NA
22505,52.487171,-0.683060,NN18 8AL,Connector 2,NA
22507,52.507610,-0.716950,NN17 2AE,Connector 1,1
22507,52.507610,-0.716950,NN17 2AE,Connector 2,0
22509,52.500126,-0.674975,NN17 5XY,Connector 1,0
22509,52.500126,-0.674975,NN17 5XY,Connector 2,0
22510,52.511391,-0.672777,NN17 5AF,Connector 1,1
22510,52.511391,-0.672777,NN17 5AF,Connector 2,0
22511,52.499699,-0.671190,NN17 5XZ,Connector 1,0
22511,52.499699,-0.671190,NN17 5XZ,Connector 2,0
22515,52.514721,-0.660277,NN17 5AF,Connector 1,0
22515,52.514721,-0.660277,NN17 5AF,Connector 2,0
22516,52.512779,-0.664440,NN17 5AF,Connector 1,1
22516,52.512779,-0.664440,NN17 5AF,Connector 2,0
22517,52.516411,-0.725040,LE16 8TG,Connector 1,1
22517,52.516411,-0.725040,LE16 8TG,Connector 2,0
22538,53.097179,-2.438770,CW1 2DQ,Connector 1,0
22538,53.097179,-2.438770,CW1 2DQ,Connector 2,0
22539,53.098179,-2.438770,CW1 2DQ,Connector 1,0
22539,53.098179,-2.438770,CW1 2DQ,Connector 2,0
22564,50.769699,-1.901560,BH10 7LN,Connector 1,2
22564,50.769699,-1.901560,BH10 7LN,Connector 2,0
22564,50.769699,-1.901560,BH10 7LN,Connector 3,2
22565,52.015209,0.252250,CB11 3EG,Connector 1,0
22565,52.015209,0.252250,CB11 3EG,Connector 2,0
22565,52.015209,0.252250,CB11 3EG,Connector 3,0
22568,51.535519,-2.545940,BS32 9BS,Connector 1,0
22568,51.535519,-2.545940,BS32 9BS,Connector 2,0
22568,51.535519,-2.545940,BS32 9BS,Connector 3,0
22569,51.843899,-2.145400,GL3 4PB,Connector 1,0
22569,51.843899,-2.145400,GL3 4PB,Connector 2,0
22569,51.843899,-2.145400,GL3 4PB,Connector 3,0
22571,51.526138,-2.600600,BS34 5TX,Connector 1,2
22571,51.526138,-2.600600,BS34 5TX,Connector 2,2
22571,51.526138,-2.600600,BS34 5TX,Connector 3,2
22572,51.668209,-2.630510,NP16 7NA,Connector 1,2
22572,51.668209,-2.630510,NP16 7NA,Connector 2,2
22572,51.668209,-2.630510,NP16 7NA,Connector 3,2
22573,51.448399,-2.500160,BS15 9LA,Connector 1,0
22573,51.448399,-2.500160,BS15 9LA,Connector 2,2
22573,51.448399,-2.500160,BS15 9LA,Connector 3,0
22576,51.498692,-2.594270,BS10 5NB,Connector 1,0
22576,51.498692,-2.594270,BS10 5NB,Connector 2,0
22576,51.498692,-2.594270,BS10 5NB,Connector 3,0
22581,50.722229,-1.864400,BH1 3LT,Connector 1,2
22581,50.722229,-1.864400,BH1 3LT,Connector 2,2
22581,50.722229,-1.864400,BH1 3LT,Connector 3,2
22582,50.724510,-1.869250,BH1 1QQ,Connector 1,0
22582,50.724510,-1.869250,BH1 1QQ,Connector 2,0
22582,50.724510,-1.869250,BH1 1QQ,Connector 3,0
22583,50.722462,-1.876660,BH1 1JD,Connector 1,0
22583,50.722462,-1.876660,BH1 1JD,Connector 2,0
22583,50.722462,-1.876660,BH1 1JD,Connector 3,0
22587,50.729179,-2.931280,West Dorset,Connector 1,0
22587,50.729179,-2.931280,West Dorset,Connector 2,0
22587,50.729179,-2.931280,West Dorset,Connector 3,0
22588,50.728611,-1.934590,Poole,Connector 1,0
22588,50.728611,-1.934590,Poole,Connector 2,0
22588,50.728611,-1.934590,Poole,Connector 3,0
22589,50.743122,-1.897969,BH12 5BB,Connector 1,1
22589,50.743122,-1.897969,BH12 5BB,Connector 2,2
22589,50.743122,-1.897969,BH12 5BB,Connector 3,1
22590,50.723076,-1.961503,BH15 2RU,Connector 1,0
22590,50.723076,-1.961503,BH15 2RU,Connector 2,0
22590,50.723076,-1.961503,BH15 2RU,Connector 3,0
22591,50.713150,-1.985310,Poole,Connector 1,0
22591,50.713150,-1.985310,Poole,Connector 2,0
22591,50.713150,-1.985310,Poole,Connector 3,0
22592,50.718441,-1.978230,BH15 1UG,Connector 1,0
22592,50.718441,-1.978230,BH15 1UG,Connector 2,0
22592,50.718441,-1.978230,BH15 1UG,Connector 3,0
22593,50.723808,-1.906510,BH12 1AZ,Connector 1,0
22593,50.723808,-1.906510,BH12 1AZ,Connector 2,0
22593,50.723808,-1.906510,BH12 1AZ,Connector 3,0
22594,50.610111,-2.456640,DT4 8NA,Connector 1,2
22594,50.610111,-2.456640,DT4 8NA,Connector 2,2
22594,50.610111,-2.456640,DT4 8NA,Connector 3,2
22595,50.801899,-1.986040,BH21 1AU,Connector 1,2
22595,50.801899,-1.986040,BH21 1AU,Connector 2,0
22595,50.801899,-1.986040,BH21 1AU,Connector 3,0
22596,53.927361,-1.118538,YO24 1LW,Connector 1,0
22596,53.927361,-1.118538,YO24 1LW,Connector 2,0
22596,53.927361,-1.118538,YO24 1LW,Connector 3,0
22597,53.927547,-1.118227,YO24 1LW,Connector 1,0
22597,53.927547,-1.118227,YO24 1LW,Connector 2,0
22597,53.927547,-1.118227,YO24 1LW,Connector 3,0
22604,51.716702,-1.960270,GL7 1BW,Connector 1,1
22604,51.716702,-1.960270,GL7 1BW,Connector 2,2
22604,51.716702,-1.960270,GL7 1BW,Connector 3,0
22605,51.990749,-1.700750,GL56 0JY,Connector 1,0
22605,51.990749,-1.700750,GL56 0JY,Connector 2,0
22605,51.990749,-1.700750,GL56 0JY,Connector 3,0
22607,51.878521,0.549890,CM7 1RB,Connector 1,0
22607,51.878521,0.549890,CM7 1RB,Connector 2,0
22607,51.878521,0.549890,CM7 1RB,Connector 3,0
22610,55.035259,-1.710380,NE13 8BZ,Connector 1,0
22610,55.035259,-1.710380,NE13 8BZ,Connector 2,0
22610,55.035259,-1.710380,NE13 8BZ,Connector 3,0
22611,55.036098,-1.710250,NE13 8BZ,Connector 1,0
22611,55.036098,-1.710250,NE13 8BZ,Connector 2,0
22611,55.036098,-1.710250,NE13 8BZ,Connector 3,0
22612,54.960720,-1.581300,NE10 0EF,Connector 1,1
22612,54.960720,-1.581300,NE10 0EF,Connector 2,2
22612,54.960720,-1.581300,NE10 0EF,Connector 3,1
22615,54.984440,-1.498860,NE32 3DP,Connector 1,0
22615,54.984440,-1.498860,NE32 3DP,Connector 2,0
22615,54.984440,-1.498860,NE32 3DP,Connector 3,0
22618,55.002369,-1.418760,NE33 2LD,Connector 1,0
22618,55.002369,-1.418760,NE33 2LD,Connector 2,0
22618,55.002369,-1.418760,NE33 2LD,Connector 3,0
22619,54.943119,-1.471090,NE35 9PF,Connector 1,0
22619,54.943119,-1.471090,NE35 9PF,Connector 2,0
22619,54.943119,-1.471090,NE35 9PF,Connector 3,0
22620,54.944851,-1.364460,SR6 7NT,Connector 1,0
22620,54.944851,-1.364460,SR6 7NT,Connector 2,0
22620,54.944851,-1.364460,SR6 7NT,Connector 3,0
22624,54.978470,-1.448290,NE34 9PT,Connector 1,0
22624,54.978470,-1.448290,NE34 9PT,Connector 2,0
22624,54.978470,-1.448290,NE34 9PT,Connector 3,0
22628,54.979420,-1.516360,NE31 1NS,Connector 1,1
22628,54.979420,-1.516360,NE31 1NS,Connector 2,2
22628,54.979420,-1.516360,NE31 1NS,Connector 3,0
22629,54.979420,-1.516360,NE31 1NS,Connector 1,0
22629,54.979420,-1.516360,NE31 1NS,Connector 2,0
22629,54.979420,-1.516360,NE31 1NS,Connector 3,0
22630,54.976761,-1.446760,NE33 2RL,Connector 1,0
22630,54.976761,-1.446760,NE33 2RL,Connector 2,0
22630,54.976761,-1.446760,NE33 2RL,Connector 3,0
22631,54.976761,-1.446760,NE33 2RL,Connector 1,0
22631,54.976761,-1.446760,NE33 2RL,Connector 2,0
22631,54.976761,-1.446760,NE33 2RL,Connector 3,0
22632,54.979599,-1.492100,NE32 3PN,Connector 1,0
22632,54.979599,-1.492100,NE32 3PN,Connector 2,0
22632,54.979599,-1.492100,NE32 3PN,Connector 3,0
22633,55.036991,-1.711750,NE13 8BZ,Connector 1,0
22633,55.036991,-1.711750,NE13 8BZ,Connector 2,0
22633,55.036991,-1.711750,NE13 8BZ,Connector 3,0
22634,54.994732,-1.440860,NE33 1ES,Connector 1,0
22634,54.994732,-1.440860,NE33 1ES,Connector 2,0
22634,54.994732,-1.440860,NE33 1ES,Connector 3,0
22635,54.996601,-1.429450,NE33 2PS,Connector 1,0
22635,54.996601,-1.429450,NE33 2PS,Connector 2,0
22635,54.996601,-1.429450,NE33 2PS,Connector 3,0
22638,53.486675,-2.201869,M11 3FF,Connector 1,0
22638,53.486675,-2.201869,M11 3FF,Connector 2,0
22638,53.486675,-2.201869,M11 3FF,Connector 3,0
32007,54.706478,-1.567877,DL16 6NL,Connector 1,NA
32007,54.706478,-1.567877,DL16 6NL,Connector 2,NA
32012,54.908108,-1.487201,Tyne and Wear,Connector 1,NA
32012,54.908108,-1.487201,Tyne and Wear,Connector 2,NA
41004,55.187012,-1.566210,NE63 9JZ,Connector 1,0
41004,55.187012,-1.566210,NE63 9JZ,Connector 2,0
41005,55.187111,-1.566210,NE63 9JZ,Connector 1,0
41005,55.187111,-1.566210,NE63 9JZ,Connector 2,0
41006,53.463058,-2.228800,M13 9WL,Connector 1,1
41006,53.463058,-2.228800,M13 9WL,Connector 2,1
41007,53.463161,-2.228800,M13 9WL,Connector 1,1
41007,53.463161,-2.228800,M13 9WL,Connector 2,1
41008,53.469131,-2.240180,M15 6TT,Connector 1,1
41008,53.469131,-2.240180,M15 6TT,Connector 2,2
41009,53.092880,-2.422950,CW1 5DU,Connector 1,0
41009,53.092880,-2.422950,CW1 5DU,Connector 2,0
41010,53.092979,-2.422950,CW1 5DU,Connector 1,1
41010,53.092979,-2.422950,CW1 5DU,Connector 2,0
41011,53.471401,-2.240220,M15 6BH,Connector 1,0
41011,53.471401,-2.240220,M15 6BH,Connector 2,1
41021,55.025791,-1.468950,NE29 8NH,Connector 1,1
41021,55.025791,-1.468950,NE29 8NH,Connector 2,1
41022,55.025791,-1.468950,NE29 8NH,Connector 1,1
41022,55.025791,-1.468950,NE29 8NH,Connector 2,1
41023,55.025791,-1.468950,NE29 8NH,Connector 1,2
41023,55.025791,-1.468950,NE29 8NH,Connector 2,1
41024,55.025791,-1.468950,NE29 8NH,Connector 1,1
41024,55.025791,-1.468950,NE29 8NH,Connector 2,1
41025,55.020409,-1.509220,North Shields,Connector 1,0
41025,55.020409,-1.509220,North Shields,Connector 2,0
41026,55.020409,-1.509220,North Shields,Connector 1,0
41026,55.020409,-1.509220,North Shields,Connector 2,1
41027,55.020409,-1.509220,North Shields,Connector 1,0
41027,55.020409,-1.509220,North Shields,Connector 2,1
41028,50.939091,-1.470870,Hampshire,Connector 1,0
41028,50.939091,-1.470870,Hampshire,Connector 2,0
42001,54.528896,-1.541578,DL1 1DR,Socket 1,0
42001,54.528896,-1.541578,DL1 1DR,Socket 2,0
42005,54.976131,-1.616750,,Connector 1,0
42005,54.976131,-1.616750,,Connector 2,NA
42006,54.976120,-1.616750,,Connector 1,0
42006,54.976120,-1.616750,,Connector 2,NA
42007,54.618462,-1.282454,TS23 3QJ,Connector 1,0
42007,54.618462,-1.282454,TS23 3QJ,Connector 2,0
42010,54.528996,-1.541578,DL1 1DR,Socket 1,0
42010,54.528996,-1.541578,DL1 1DR,Socket 2,0
42011,54.878471,-1.480854,DH4 4NF,Connector 1,0
42011,54.878471,-1.480854,DH4 4NF,Connector 2,0
42012,54.878571,-1.480854,DH4 4NF,Connector 1,0
42012,54.878571,-1.480854,DH4 4NF,Connector 2,0
42014,54.538162,-1.289006,TS17 9HA,Connector 1,0
42014,54.538162,-1.289006,TS17 9HA,Connector 2,0
42015,54.538364,-1.289006,TS17 9HA,Connector 1,NA
42015,54.538364,-1.289006,TS17 9HA,Connector 2,NA
42016,54.747631,-1.610250,DH7 8XQ,Connector 1,1
42016,54.747631,-1.610250,DH7 8XQ,Connector 2,0
42017,54.920120,-1.398392,SR5 2HN,Connector 1,0
42017,54.920120,-1.398392,SR5 2HN,Connector 2,0
42018,54.575802,-1.308556,TS20 2AY,Connector 1,0
42018,54.575802,-1.308556,TS20 2AY,Connector 2,0
42019,54.617737,-1.309439,TS22 5EG,Connector 1,0
42019,54.617737,-1.309439,TS22 5EG,Connector 2,0
42020,54.559715,-1.312980,TS18 3AE,Connector 1,0
42020,54.559715,-1.312980,TS18 3AE,Connector 2,0
42021,54.559616,-1.312980,TS18 3AE,Connector 1,0
42021,54.559616,-1.312980,TS18 3AE,Connector 2,0
42022,54.559814,-1.312980,TS18 3AE,Connector 1,0
42022,54.559814,-1.312980,TS18 3AE,Connector 2,0
42025,54.533508,-1.289589,TS17 9JP,Connector 1,NA
42025,54.533508,-1.289589,TS17 9JP,Connector 2,NA
42026,54.533211,-1.289589,TS17 9JP,Connector 1,NA
42026,54.533211,-1.289589,TS17 9JP,Connector 2,NA
42027,54.566761,-1.310534,TS18 1UE,Connector 1,0
42027,54.566761,-1.310534,TS18 1UE,Connector 2,NA
42028,54.566860,-1.310534,TS18 1UE,Connector 1,NA
42028,54.566860,-1.310534,TS18 1UE,Connector 2,NA
42029,54.570839,-1.313550,TS18 2NY,Connector 1,0
42029,54.570839,-1.313550,TS18 2NY,Connector 2,NA
42030,54.542404,-1.290971,TS17 9DB,Connector 1,0
42030,54.542404,-1.290971,TS17 9DB,Connector 2,NA
42031,54.550518,-1.306546,TS17 8AA,Connector 1,0
42031,54.550518,-1.306546,TS17 8AA,Connector 2,NA
42032,54.582684,-1.352914,TS19 8RH,Connector 1,0
42032,54.582684,-1.352914,TS19 8RH,Connector 2,0
42037,54.618362,-1.282454,TS23 3QJ,Connector 1,NA
42037,54.618362,-1.282454,TS23 3QJ,Connector 2,NA
42038,54.538063,-1.289006,TS17 9HA,Connector 1,0
42038,54.538063,-1.289006,TS17 9HA,Connector 2,NA
42039,54.538265,-1.289006,TS17 9HA,Connector 1,NA
42039,54.538265,-1.289006,TS17 9HA,Connector 2,NA
42040,54.575703,-1.308556,TS20 2AY,Connector 1,0
42040,54.575703,-1.308556,TS20 2AY,Connector 2,NA
42041,54.575500,-1.308556,TS20 2AY,Connector 1,NA
42041,54.575500,-1.308556,TS20 2AY,Connector 2,NA
42042,54.575600,-1.308556,TS20 2AY,Connector 1,NA
42042,54.575600,-1.308556,TS20 2AY,Connector 2,NA
42043,54.617638,-1.309439,TS22 5EG,Connector 1,0
42043,54.617638,-1.309439,TS22 5EG,Connector 2,NA
42044,54.559917,-1.312980,TS18 3AE,Connector 1,0
42044,54.559917,-1.312980,TS18 3AE,Connector 2,NA
42045,54.533409,-1.289589,TS17 9JP,Connector 1,NA
42045,54.533409,-1.289589,TS17 9JP,Connector 2,NA
42046,54.533310,-1.289589,TS17 9JP,Connector 1,NA
42046,54.533310,-1.289589,TS17 9JP,Connector 2,NA
42047,54.566662,-1.310634,TS18 1UE,Connector 1,0
42047,54.566662,-1.310634,TS18 1UE,Connector 2,NA
42048,54.566963,-1.310534,TS18 1UE,Connector 1,NA
42048,54.566963,-1.310534,TS18 1UE,Connector 2,NA
42049,54.570789,-1.313550,TS18 2NY,Connector 1,0
42049,54.570789,-1.313550,TS18 2NY,Connector 2,NA
42050,54.542603,-1.290971,TS17 9DB,Connector 1,0
42050,54.542603,-1.290971,TS17 9DB,Connector 2,NA
42051,54.542702,-1.290971,TS17 9DB,Connector 1,0
42051,54.542702,-1.290971,TS17 9DB,Connector 2,NA
42052,54.542503,-1.290971,TS17 9DB,Connector 1,0
42052,54.542503,-1.290971,TS17 9DB,Connector 2,NA
42053,54.550659,-1.306446,TS17 8AA,Connector 1,NA
42053,54.550659,-1.306446,TS17 8AA,Connector 2,NA
42054,54.582787,-1.352914,TS19 8RH,Connector 1,0
42054,54.582787,-1.352914,TS19 8RH,Connector 2,0
42055,54.582584,-1.352914,TS19 8RH,Connector 1,0
42055,54.582584,-1.352914,TS19 8RH,Connector 2,0
42056,54.582485,-1.352914,TS19 8RH,Connector 1,0
42056,54.582485,-1.352914,TS19 8RH,Connector 2,0
42058,54.920021,-1.398392,SR5 2HN,Connector 1,0
42058,54.920021,-1.398392,SR5 2HN,Connector 2,NA
42086,54.651031,-1.696524,DL14 6JZ,Connector 1,0
42088,51.387398,-2.708267,BS48 3DY,Connector 1,1
42093,51.387299,-2.708267,BS48 3DY,Connector 1,0
42114,51.442638,-2.613180,BS3 1TF,Connector 1,1
42128,50.723095,-1.961326,Poole,Connector 1,0
42129,50.723087,-1.961160,Poole,Connector 1,1
42134,54.892544,-1.405839,SR4 7TP,Connector 1,0
42136,54.888905,-1.381334,SR2 9HP,Connector 1,NA
42137,54.901653,-1.406987,SR4 7TP,Connector 1,1
42138,54.901070,-1.409018,SR4 7TP,Connector 1,1
42139,54.902390,-1.406780,SR4 7TP,Connector 1,1
42140,54.904030,-1.411636,SR4 7TP,Connector 1,1
42141,54.904129,-1.411636,SR4 7TP,Connector 1,0
42143,54.902809,-1.410032,SR7 0JQ,Connector 1,1
42144,54.902908,-1.410032,SR7 0JQ,Connector 1,1
42145,54.903111,-1.410032,SR7 0JQ,Connector 1,0
42146,54.903069,-1.410906,SR4 7TP,Connector 1,0
42147,54.531502,-1.565212,DL3 6HX,Connector 1,1
42149,54.526821,-1.551609,Durham,Connector 1,0
42150,54.526821,-1.551709,DL1 1PN,Connector 1,0
42156,54.702000,-1.578470,DL16 6JQ,Connector 1,1
42157,54.785271,-1.585150,DH1 5UQ,Connector 1,0
42160,54.760738,-1.581770,DH1 3TQ,Connector 1,0
42161,54.747532,-1.610250,DH7 8XQ,Connector 1,0
42162,54.859268,-1.576799,DH3 3TF,Connector 1,0
42163,54.859173,-1.576879,DH3 3TF,Connector 1,0
42166,54.869061,-1.701190,DH9 0TE,Connector 1,1
42167,54.869160,-1.701190,DH9 0TE,Connector 1,0
42168,54.791939,-1.601515,DH1 5RA,Connector 1,0
42170,54.826149,-1.325850,SR7 7TT,Connector 1,0
42172,54.785370,-1.585150,DH1 5UQ,Connector 1,1
42210,54.904289,-1.487780,NE38 8QT,Connector 1,0
42211,54.904289,-1.487780,NE38 8QT,Connector 1,0
42212,55.066059,-1.596280,NE23 7RH,Connector 1,0
42224,54.907063,-1.484941,SR5 3NY,Connector 1,0
42225,54.907265,-1.484941,SR5 3NY,Connector 1,1
42226,54.907364,-1.484941,SR5 3NY,Connector 1,0
42228,54.935925,-1.601245,NE9 6DA,Connector 1,0
42229,54.947144,-1.650786,NE11 9PY,Connector 1,0
42232,54.951862,-1.602898,NE8 4HA,Connector 1,1
42233,54.946205,-1.548331,NE10 0PD,Connector 1,0
42235,54.964813,-1.603435,NE8 1AX,Connector 1,0
42238,54.686378,-1.209997,TS24 7DS,Connector 1,2
42248,53.465473,-2.353022,M17 8AA,Connector 1,1
42249,53.465572,-2.353022,M17 8AA,Connector 1,1
42256,53.467110,-2.246773,M15 5JH,Connector 1,0
42257,53.467110,-2.246763,M15 5JH,Connector 1,0
42258,53.467110,-2.246763,M15 5JH,Connector 1,0
42260,53.467110,-2.246763,M15 5JH,Connector 1,0
42261,53.467110,-2.246763,M15 5JH,Connector 1,0
42263,53.467110,-2.246763,M15 5JH,Connector 1,0
42264,53.467110,-2.246763,M15 5JH,Connector 1,0
42265,53.467110,-2.246763,M15 5JH,Connector 1,0
42267,53.469688,-2.239680,M15 6BG,Connector 1,0
42268,53.483398,-2.236200,M4 1DW,Connector 1,0
42269,53.483215,-2.235985,M4 1DW,Connector 1,0
42270,53.483398,-2.236000,M4 1DW,Connector 1,0
42271,53.483280,-2.235882,M4 1DW,Connector 1,1
42272,53.483501,-2.236194,M4 1DW,Connector 1,0
42273,53.483459,-2.235926,M4 1DW,Connector 1,0
42274,53.476677,-2.249223,M3 4LP,Connector 1,2
42275,53.476677,-2.249323,M3 4LP,Connector 1,2
42276,53.476677,-2.249023,M3 4LP,Connector 1,1
42277,53.476677,-2.249123,M3 4LP,Connector 1,1
42278,53.480255,-2.234355,M1 3AQ,Connector 1,0
42279,53.480255,-2.234255,M1 3AQ,Connector 1,1
42285,54.578930,-1.237750,TS1 1SR,Connector 1,0
42295,55.038219,-1.710744,NE13 8BZ,Connector 1,0
42307,54.976082,-1.616710,,Connector 1,1
42308,54.976070,-1.616710,,Connector 1,1
42311,54.975769,-1.616410,NE13 8BZ,Connector 1,0
42312,54.975780,-1.616410,NE13 8BZ,Connector 1,1
42313,54.976051,-1.616580,,Connector 1,1
42315,54.976051,-1.616380,NE13 8BZ,Connector 1,1
42317,54.975899,-1.616240,NE13 8BZ,Connector 1,0
42318,54.975910,-1.616240,NE13 8BZ,Connector 1,1
42321,54.969540,-1.622430,NE1 4DP,Connector 1,0
42323,54.968510,-1.622400,NE1 4DP,Connector 1,0
42324,54.968788,-1.622210,NE1 4DP,Connector 1,0
42325,54.968670,-1.622700,NE1 4DP,Connector 1,1
42326,54.968658,-1.622700,NE1 4DP,Connector 1,1
42331,54.971161,-1.605334,NE1 2AQ,Connector 1,0
42332,54.971260,-1.605584,NE1 2AQ,Connector 1,0
42333,54.971180,-1.605235,NE1 2AQ,Connector 1,0
42335,54.971085,-1.605432,NE1 2AQ,Connector 1,1
42336,54.971252,-1.605512,NE1 2AQ,Connector 1,0
42337,54.971252,-1.605512,NE1 2AQ,Connector 1,0
42338,55.010368,-1.578532,NE7 7UJ,Connector 1,0
42345,55.410568,-1.697553,NE66 2NS,Connector 1,0
42346,55.410671,-1.697553,NE66 2NS,Connector 1,0
42348,54.821938,-1.450834,DH5 9ZZ,Connector 1,0
42349,54.532639,-1.054610,TS14 7FD,Connector 1,0
42350,55.773659,-2.007072,TD15 1LT,Connector 1,0
42351,55.773628,-2.007034,TD15 1LT,Connector 1,0
42354,54.958069,-1.540813,NE10 0TE,Connector 1,0
42358,55.028156,-1.703485,NE13 8DF,Connector 1,1
42364,55.162724,-1.679970,NE61 6JN,Connector 1,0
42365,54.531200,-1.565212,DL3 6HX,Connector 1,1
42366,54.531101,-1.565212,DL3 6HX,Connector 1,0
42367,54.531200,-1.565312,DL3 6HX,Connector 1,0
42371,54.976051,-1.616150,NE1 7RT,Connector 1,0
42372,54.976070,-1.616710,NE1 7RT,Connector 1,0
42373,54.976070,-1.616710,NE1 7RT,Connector 1,1
42376,54.976051,-1.616580,NE1 7RT,Connector 1,0
42379,55.066158,-1.596280,NE23 7RH,Connector 1,1
42382,55.010468,-1.578532,NE7 7UJ,Connector 1,0
42383,54.907166,-1.484941,SR5 3NY,Connector 1,0
42384,54.960724,-1.581308,NE10 0EF,Connector 1,0
42387,54.968510,-1.622400,NE1 4DP,Connector 1,0
42388,54.968788,-1.622210,NE1 4DP,Connector 1,0
42389,55.145515,-2.252005,NE48 2BZ,Connector 1,0
42390,54.686279,-1.209890,TS24 7DS,Connector 1,2
42391,54.821060,-1.454750,DH5 9NE,Connector 1,0
42393,54.969868,-2.095030,NE46 1QJ,Connector 1,0
42395,54.607182,-1.294407,TS23 2NX,Connector 1,0
42396,54.907692,-1.387250,SR1 3AW,Connector 1,0
42397,54.686115,-1.204029,TS24 7DS,Connector 1,0
42402,54.923149,-1.385740,SR5 1NB,Connector 1,0
42403,54.923248,-1.385740,SR5 1NB,Connector 1,1
42404,55.038120,-1.710744,NE13 8BZ,Connector 1,0
42405,55.038422,-1.710744,NE13 8BZ,Connector 1,0
42407,54.905632,-1.376370,SR1 1ES,Connector 1,0
42410,54.665699,-1.677500,DL14 7PG,Connector 1,0
42411,54.665798,-1.677500,DL14 7PG,Connector 1,0
42412,55.184277,-1.709825,NE61 3BP,Connector 1,0
42413,55.153141,-1.686299,NE61 2EF,Connector 1,0
42414,55.153164,-1.686306,NE61 2EF,Connector 1,0
42415,54.966267,-2.098696,NE46 1BS,Connector 1,0
42416,54.936008,-1.371349,SR6 8ZZ,Connector 1,0
42418,54.912041,-1.542440,NE37 1EZ,Connector 1,0
42419,54.912041,-1.542440,NE37 1EZ,Connector 1,0
42424,54.971893,-1.605997,NE1 2AQ,Connector 1,1
42430,54.940701,-1.604300,NE9 5AX,Connector 1,0
42431,54.940800,-1.604300,NE9 5AX,Connector 1,0
42433,54.826149,-1.325850,SR7 7TT,Connector 1,0
42434,54.912155,-1.520853,NE37 2AS,Connector 1,0
42435,54.908310,-1.384084,SR1 2HN,Connector 1,0
42437,55.007851,-1.634267,NE3 3XT,Connector 1,1
42438,55.007839,-1.634267,NE3 3XT,Connector 1,NA
42439,54.918674,-1.383305,SR5 1JE,Connector 1,0
42440,54.892445,-1.405839,SR4 7TP,Connector 1,0
42443,54.902355,-1.382444,SR2 7DN,Connector 1,0
42444,54.901550,-1.406987,SR4 7TP,Connector 1,1
42445,54.901169,-1.409018,SR4 7TP,Connector 1,1
42446,54.902290,-1.406780,SR4 7TP,Connector 1,0
42447,54.902710,-1.410032,SR7 0JQ,Connector 1,NA
42449,54.902969,-1.410906,SR4 7TP,Connector 1,1
42451,54.964916,-1.603485,NE8 1AX,Connector 1,0
42456,54.570839,-1.313450,TS18 2NY,Connector 1,0
42457,55.050701,-1.744090,NE20 9PZ,Connector 1,0
42458,55.050701,-1.744090,NE20 9PZ,Connector 1,2
42482,55.162624,-1.679970,NE61 6JN,Connector 1,0
42484,55.050701,-1.744090,NE20 9PZ,Connector 1,0
42485,55.050701,-1.744090,NE20 9PZ,Connector 1,1
42487,54.971081,-2.097815,NE46 1QE,Connector 1,0
42489,55.184174,-1.709825,NE61 3BP,Connector 1,0
42490,54.969769,-2.095030,NE46 1QJ,Connector 1,0
42501,53.542320,-2.117380,OL1 1NL,Connector 1,2
42510,54.532539,-1.054610,TS14 7FD,Connector 1,0
42522,53.516811,-2.151700,M35 9BA,Connector 1,0
42523,53.516811,-2.151700,M35 9BA,Connector 1,0
42550,53.469349,-2.288846,M50 3XR,Connector 1,1
42551,53.469349,-2.288846,M50 3XR,Connector 1,0
42552,53.488010,-2.286412,M6 5FX,Connector 1,0
42553,53.488010,-2.286651,M6 5FX,Connector 1,0
42554,53.510281,-2.338270,M27 5BY,Connector 1,0
42555,53.510281,-2.338270,M27 5BY,Connector 1,0
42556,53.510540,-2.339910,M27 5BW,Connector 1,1
42557,53.510639,-2.339910,M27 5BW,Connector 1,0
42561,51.474648,-2.795827,BS20 8JJ,Connector 1,NA
42566,51.475441,-2.583900,BS7 9BU,Connector 1,2
42567,51.475540,-2.583900,BS7 9BU,Connector 1,2
42568,51.450851,-2.605130,BS1 5UA,Connector 1,0
42569,51.450951,-2.605130,BS1 5UA,Connector 1,0
42570,51.410854,-2.584054,BS14 0DB,Connector 1,2
42586,51.308529,-0.756050,Hampshire,Connector 1,0
42636,53.405998,-2.157050,SK1 3NJ,Connector 1,0
42637,53.409618,-2.165370,SK4 1AQ,Connector 1,0
42638,53.409618,-2.165380,SK4 1AQ,Connector 1,1
42639,53.409630,-2.165370,SK4 1AQ,Connector 1,0
42640,53.409630,-2.165380,SK4 1AQ,Connector 1,1
42643,54.902256,-1.386744,SR1 3ZZ,Connector 1,0
42646,54.912041,-1.542440,NE37 1EZ,Connector 1,0
42652,54.902657,-1.382374,SR2 7DN,Connector 1,0
42654,54.904491,-1.392698,SR1 3SD,Connector 1,0
42657,54.527157,-1.542441,DL1 1JW,Connector 1,0
42660,54.665901,-1.677500,DL14 7PG,Connector 1,0
42661,54.566601,-1.299430,TS18 2NL,Connector 1,0
42662,54.566601,-1.299530,TS18 2NL,Connector 1,0
42663,54.566502,-1.299430,TS18 2NL,Connector 1,0
42664,54.566502,-1.299530,TS18 2NL,Connector 1,1
42666,53.483650,-2.122049,OL6 7UB,Connector 1,0
42667,53.444187,-2.307533,M32 8LX,Connector 1,0
42668,53.444187,-2.307543,M32 8LX,Connector 1,0
42681,53.483673,-2.122092,OL6 7UB,Connector 1,0
42717,53.410610,-2.154428,SK1 1YG,Connector 1,0
42718,53.410610,-2.154428,SK1 1YG,Connector 1,1
42737,53.411842,-2.217628,M20 5WP,Connector 1,0
42738,53.411842,-2.217628,M20 5WP,Connector 1,0
42739,53.411842,-2.217627,M20 5WP,Connector 1,0
42740,53.411819,-2.217996,M20 5WP,Connector 1,1
42775,53.442699,-2.422695,M44 6BR,Connector 1,0
42776,53.442699,-2.422795,M44 6BR,Connector 1,0
42785,53.497929,-2.518380,WN7 1AB,Connector 1,0
42786,53.497829,-2.518380,WN7 1AB,Connector 1,0
42787,53.486641,-2.201861,M11 3FF,Connector 1,0
42788,53.486622,-2.201852,M11 3FF,Connector 1,0
42795,53.474216,-2.297931,M50 2EQ,Connector 1,1
42815,53.542320,-2.117380,OL1 1NL,Connector 1,0
42878,53.465744,-2.345189,M17 8AA,Connector 1,0
42879,53.465843,-2.345189,M17 8AA,Connector 1,0
42882,53.465775,-2.353022,M17 8AA,Connector 1,1
42883,53.465874,-2.353022,M17 8AA,Connector 1,1
42890,53.466572,-2.237547,Manchester,Connector 1,1
42891,53.466522,-2.237475,Manchester,Connector 1,0
42892,53.466541,-2.237685,Manchester,Connector 1,1
42893,53.466465,-2.237573,Manchester,Connector 1,0
42897,53.524891,-2.398600,M28 3EZ,Connector 1,0
44004,55.759579,-2.008650,TD15 2AS,Connector 1,1
44004,55.759579,-2.008650,TD15 2AS,Connector 2,0
44004,55.759579,-2.008650,TD15 2AS,Connector 3,0
44005,54.565472,-1.311740,TS18 2HW,Connector 1,1
44005,54.565472,-1.311740,TS18 2HW,Connector 2,0
44005,54.565472,-1.311740,TS18 2HW,Connector 3,0
44006,55.095772,-1.584290,NE23 1XZ,Connector 1,0
44006,55.095772,-1.584290,NE23 1XZ,Connector 2,0
44006,55.095772,-1.584290,NE23 1XZ,Connector 3,0
44007,55.546341,-2.014596,Northumberland,Connector 1,0
44007,55.546341,-2.014596,Northumberland,Connector 2,0
44007,55.546341,-2.014596,Northumberland,Connector 3,0
44009,55.085556,-1.631111,NE23 8AU,Connector 1,0
44009,55.085556,-1.631111,NE23 8AU,Connector 2,0
44009,55.085556,-1.631111,NE23 8AU,Connector 3,0
44010,55.168453,-1.687211,NE61 1PA,Connector 1,0
44010,55.168453,-1.687211,NE61 1PA,Connector 2,0
44010,55.168453,-1.687211,NE61 1PA,Connector 3,0
44012,54.976471,-1.816171,NE41 8DU,Connector 1,0
44012,54.976471,-1.816171,NE41 8DU,Connector 2,0
44012,54.976471,-1.816171,NE41 8DU,Connector 3,0
44013,55.183472,-1.546450,NE63 9JJ,Connector 1,0
44013,55.183472,-1.546450,NE63 9JJ,Connector 2,0
44013,55.183472,-1.546450,NE63 9JJ,Connector 3,0
44015,54.903740,-2.264030,Northumberland,Connector 1,0
44015,54.903740,-2.264030,Northumberland,Connector 2,0
44015,54.903740,-2.264030,Northumberland,Connector 3,0
44016,55.128208,-1.514230,NE24 1DX,Connector 1,0
44016,55.128208,-1.514230,NE24 1DX,Connector 2,0
44016,55.128208,-1.514230,NE24 1DX,Connector 3,0
44017,55.414242,-1.705769,NE66 1HB,Connector 1,1
44017,55.414242,-1.705769,NE66 1HB,Connector 2,0
44017,55.414242,-1.705769,NE66 1HB,Connector 3,0
44019,55.127800,-1.508313,NE24 1AH,Connector 1,0
44019,55.127800,-1.508313,NE24 1AH,Connector 2,0
44019,55.127800,-1.508313,NE24 1AH,Connector 3,0
44020,55.186462,-1.516781,NE64 6HG,Connector 1,0
44020,55.186462,-1.516781,NE64 6HG,Connector 2,0
44020,55.186462,-1.516781,NE64 6HG,Connector 3,0
44022,55.130932,-1.597849,NE22 5UD,Connector 1,0
44022,55.130932,-1.597849,NE22 5UD,Connector 2,1
44022,55.130932,-1.597849,NE22 5UD,Connector 3,0
44023,55.581230,-1.654190,NE68 7RQ,Connector 1,0
44023,55.581230,-1.654190,NE68 7RQ,Connector 2,0
44023,55.581230,-1.654190,NE68 7RQ,Connector 3,0
44025,54.972614,-2.096875,NE46 3PD,Connector 1,0
44025,54.972614,-2.096875,NE46 3PD,Connector 2,0
44025,54.972614,-2.096875,NE46 3PD,Connector 3,0
3898,53.226883,-0.537522,LN5 7HW,Socket 1,0
3898,53.226883,-0.537522,LN5 7HW,Socket 2,0
3903,51.451283,0.178054,DA1 4ES,Socket 1,0
3903,51.451283,0.178054,DA1 4ES,Socket 2,0
3900,52.080212,-0.998358,NN12 8QH,Socket 1,0
3900,52.080212,-0.998358,NN12 8QH,Socket 2,0
33692,53.950500,-1.019260,YO10 5FG,Connector 1,0
33692,53.950500,-1.019260,YO10 5FG,Connector 2,0
3853,51.077129,-4.066540,EX31 2AA,Socket 1,1
3853,51.077129,-4.066540,EX31 2AA,Socket 2,0
3942,53.801506,-1.532965,LS2 7QA,Socket 1,0
3942,53.801506,-1.532965,LS2 7QA,Socket 2,0
3947,52.481037,-1.738841,B37 5TS,Socket 1,0
3947,52.481037,-1.738841,B37 5TS,Socket 2,0
3981,50.831470,-0.137660,BN1 4GE,Socket 1,0
3981,50.831470,-0.137660,BN1 4GE,Socket 2,0
3982,50.831268,-0.137660,BN1 4GE,Socket 1,0
3982,50.831268,-0.137660,BN1 4GE,Socket 2,0
3983,50.823120,-0.150290,BN1 2FH,Socket 1,0
3983,50.823120,-0.150290,BN1 2FH,Socket 2,0
3984,50.831371,-0.137660,BN1 4GE,Socket 1,0
3984,50.831371,-0.137660,BN1 4GE,Socket 2,0
24031,51.656910,-0.250280,WD6 5PU,Connector 1,2
24031,51.656910,-0.250280,WD6 5PU,Connector 2,1
24031,51.656910,-0.250280,WD6 5PU,Connector 3,2
24032,52.496944,-1.476550,CV10 7SD,Connector 1,1
24032,52.496944,-1.476550,CV10 7SD,Connector 2,2
24032,52.496944,-1.476550,CV10 7SD,Connector 3,2
24034,51.831100,-0.813500,HP19 0FY,Connector 1,0
24034,51.831100,-0.813500,HP19 0FY,Connector 2,0
24034,51.831100,-0.813500,HP19 0FY,Connector 3,0
24035,52.482498,-0.658600,NN18 8ET,Connector 1,1
24035,52.482498,-0.658600,NN18 8ET,Connector 2,2
24035,52.482498,-0.658600,NN18 8ET,Connector 3,2
24039,51.253815,-1.080038,RG21 3EE,Connector 1,0
24039,51.253815,-1.080038,RG21 3EE,Connector 2,0
24039,51.253815,-1.080038,RG21 3EE,Connector 3,0
24040,51.613400,-0.771000,HP11 1TL,Connector 1,0
24040,51.613400,-0.771000,HP11 1TL,Connector 2,0
24040,51.613400,-0.771000,HP11 1TL,Connector 3,0
24041,53.508999,-1.352800,S63 7EQ,Connector 1,0
24041,53.508999,-1.352800,S63 7EQ,Connector 2,0
24041,53.508999,-1.352800,S63 7EQ,Connector 3,0
24042,53.391232,-3.182109,CH47 1HE,Connector 1,0
24042,53.391232,-3.182109,CH47 1HE,Connector 2,0
24042,53.391232,-3.182109,CH47 1HE,Connector 3,0
24043,51.262360,-1.071170,RG21 3PR,Connector 1,0
24043,51.262360,-1.071170,RG21 3PR,Connector 2,0
24043,51.262360,-1.071170,RG21 3PR,Connector 3,0
24044,50.641567,-3.560460,EX6 7XS,Connector 1,1
24044,50.641567,-3.560460,EX6 7XS,Connector 2,2
24044,50.641567,-3.560460,EX6 7XS,Connector 3,2
24045,53.050201,-3.012100,LL13 7YH,Connector 1,2
24045,53.050201,-3.012100,LL13 7YH,Connector 2,2
24045,53.050201,-3.012100,LL13 7YH,Connector 3,2
24046,53.719280,-2.654619,PR5 8AA,Connector 1,0
24046,53.719280,-2.654619,PR5 8AA,Connector 2,0
24046,53.719280,-2.654619,PR5 8AA,Connector 3,0
24052,52.332001,-0.226800,PE28 4NL,Connector 1,0
24052,52.332001,-0.226800,PE28 4NL,Connector 2,0
24052,52.332001,-0.226800,PE28 4NL,Connector 3,0
24056,51.662102,-0.397148,WD17 1DS,Connector 1,0
24056,51.662102,-0.397148,WD17 1DS,Connector 2,0
24056,51.662102,-0.397148,WD17 1DS,Connector 3,0
24057,51.337399,-0.319900,KT9 2NQ,Connector 1,2
24057,51.337399,-0.319900,KT9 2NQ,Connector 2,2
24057,51.337399,-0.319900,KT9 2NQ,Connector 3,2
24059,51.488857,-0.536222,SL3 8QB,Connector 1,2
24059,51.488857,-0.536222,SL3 8QB,Connector 2,2
24059,51.488857,-0.536222,SL3 8QB,Connector 3,2
3989,50.820591,-0.141200,BN1 1ND,Socket 1,0
3989,50.820591,-0.141200,BN1 1ND,Socket 2,0
3991,52.401203,-0.726977,NN16 8JA,Socket 1,0
3991,52.401203,-0.726977,NN16 8JA,Socket 2,0
24061,53.407223,-2.996446,L3 1QW,Connector 1,2
24061,53.407223,-2.996446,L3 1QW,Connector 2,2
24061,53.407223,-2.996446,L3 1QW,Connector 3,2
24063,53.189819,-2.899691,CH1 2LY,Connector 1,2
24063,53.189819,-2.899691,CH1 2LY,Connector 2,2
24063,53.189819,-2.899691,CH1 2LY,Connector 3,1
24064,52.673370,-2.024700,WS11 0DQ,Connector 1,0
24064,52.673370,-2.024700,WS11 0DQ,Connector 2,0
24064,52.673370,-2.024700,WS11 0DQ,Connector 3,0
24068,52.344318,-1.580790,CV8 1ED,Connector 1,2
24068,52.344318,-1.580790,CV8 1ED,Connector 2,2
24068,52.344318,-1.580790,CV8 1ED,Connector 3,2
24069,51.485008,0.283225,RM20 2ZP,Connector 1,0
24069,51.485008,0.283225,RM20 2ZP,Connector 2,0
24069,51.485008,0.283225,RM20 2ZP,Connector 3,0
4022,51.499805,-0.157335,SW1X 8EA,Socket 1,0
4022,51.499805,-0.157335,SW1X 8EA,Socket 2,0
4018,51.499901,-0.157412,WC2H 7DT,Socket 1,0
4018,51.499901,-0.157412,WC2H 7DT,Socket 2,0
4021,51.499901,-0.157412,SW1X 8EA,Socket 1,0
4021,51.499901,-0.157412,SW1X 8EA,Socket 2,0
24081,50.855774,-1.242898,PO15 5RJ,Connector 1,0
24081,50.855774,-1.242898,PO15 5RJ,Connector 2,0
24081,50.855774,-1.242898,PO15 5RJ,Connector 3,0
24072,52.603287,-2.141542,WV6 0PE,Connector 1,0
24072,52.603287,-2.141542,WV6 0PE,Connector 2,0
24072,52.603287,-2.141542,WV6 0PE,Connector 3,0
24093,52.066338,-0.700763,MK16 0JA,Connector 1,0
24093,52.066338,-0.700763,MK16 0JA,Connector 2,0
24093,52.066338,-0.700763,MK16 0JA,Connector 3,0
24073,52.040749,-2.685992,HR2 6FG,Connector 1,2
24073,52.040749,-2.685992,HR2 6FG,Connector 2,2
24073,52.040749,-2.685992,HR2 6FG,Connector 3,1
24094,51.507713,-0.611424,SL1 2NH,Connector 1,2
24094,51.507713,-0.611424,SL1 2NH,Connector 2,2
24094,51.507713,-0.611424,SL1 2NH,Connector 3,2
24095,51.246212,-0.065726,RH9 8DX,Connector 1,0
24095,51.246212,-0.065726,RH9 8DX,Connector 2,0
24095,51.246212,-0.065726,RH9 8DX,Connector 3,0
24074,51.462078,0.049980,SE9 6TS,Connector 1,2
24074,51.462078,0.049980,SE9 6TS,Connector 2,2
24074,51.462078,0.049980,SE9 6TS,Connector 3,2
24096,51.721321,-0.365610,AL2 3DS,Connector 1,0
24096,51.721321,-0.365610,AL2 3DS,Connector 2,0
24096,51.721321,-0.365610,AL2 3DS,Connector 3,0
24097,51.481415,-0.002502,SE10 9NF,Connector 1,0
24097,51.481415,-0.002502,SE10 9NF,Connector 2,0
24097,51.481415,-0.002502,SE10 9NF,Connector 3,0
24076,51.498798,-0.191600,W8 5SP,Connector 1,2
24076,51.498798,-0.191600,W8 5SP,Connector 2,2
24076,51.498798,-0.191600,W8 5SP,Connector 3,2
24085,51.935089,-1.474167,OX7 5UF,Connector 1,0
24085,51.935089,-1.474167,OX7 5UF,Connector 2,0
24085,51.935089,-1.474167,OX7 5UF,Connector 3,0
24098,53.406013,-1.351941,S60 2XL,Connector 1,0
24098,53.406013,-1.351941,S60 2XL,Connector 2,0
24098,53.406013,-1.351941,S60 2XL,Connector 3,0
24099,51.828766,-0.444107,AL3 8HH,Connector 1,2
24099,51.828766,-0.444107,AL3 8HH,Connector 2,2
24099,51.828766,-0.444107,AL3 8HH,Connector 3,2
24100,51.125099,-0.189700,RH11 7SX,Connector 1,0
24100,51.125099,-0.189700,RH11 7SX,Connector 2,0
24100,51.125099,-0.189700,RH11 7SX,Connector 3,0
24101,51.942368,0.956565,CO7 6AX,Connector 1,0
24101,51.942368,0.956565,CO7 6AX,Connector 2,0
24101,51.942368,0.956565,CO7 6AX,Connector 3,0
24102,52.278778,-1.596351,CV34 6HN,Connector 1,0
24102,52.278778,-1.596351,CV34 6HN,Connector 2,0
24102,52.278778,-1.596351,CV34 6HN,Connector 3,0
24106,51.808613,-0.769313,HP22 5QT,Connector 1,2
24106,51.808613,-0.769313,HP22 5QT,Connector 2,2
24106,51.808613,-0.769313,HP22 5QT,Connector 3,2
24107,51.599899,-2.927900,NP18 2YG,Connector 1,1
24107,51.599899,-2.927900,NP18 2YG,Connector 2,2
24107,51.599899,-2.927900,NP18 2YG,Connector 3,2
24108,51.619946,-3.912318,SA1 8LD,Connector 1,0
24108,51.619946,-3.912318,SA1 8LD,Connector 2,0
24108,51.619946,-3.912318,SA1 8LD,Connector 3,0
24109,53.740677,-0.340540,HU1 2BX,Connector 1,0
24109,53.740677,-0.340540,HU1 2BX,Connector 2,0
24109,53.740677,-0.340540,HU1 2BX,Connector 3,0
24110,51.934238,-1.474440,OX7 5UF,Connector 1,0
24110,51.934238,-1.474440,OX7 5UF,Connector 2,0
24110,51.934238,-1.474440,OX7 5UF,Connector 3,0
24111,52.053532,1.152695,IP1 1UP,Connector 1,0
24111,52.053532,1.152695,IP1 1UP,Connector 2,0
24111,52.053532,1.152695,IP1 1UP,Connector 3,0
24112,51.167999,-0.180900,RH6 0BA,Connector 1,0
24112,51.167999,-0.180900,RH6 0BA,Connector 2,0
24112,51.167999,-0.180900,RH6 0BA,Connector 3,0
24113,51.287689,1.012360,CT2 9HX,Connector 1,0
24113,51.287689,1.012360,CT2 9HX,Connector 2,0
24113,51.287689,1.012360,CT2 9HX,Connector 3,0
24114,51.516525,-0.144647,W1G 0PN,Connector 1,1
24114,51.516525,-0.144647,W1G 0PN,Connector 2,2
24114,51.516525,-0.144647,W1G 0PN,Connector 3,2
24115,51.516479,-0.144610,W1G 0PN,Connector 1,2
24115,51.516479,-0.144610,W1G 0PN,Connector 2,2
24115,51.516479,-0.144610,W1G 0PN,Connector 3,1
24116,51.374390,-0.304065,KT9 1DS,Connector 1,0
24116,51.374390,-0.304065,KT9 1DS,Connector 2,0
24116,51.374390,-0.304065,KT9 1DS,Connector 3,0
24117,51.497898,-0.126400,SW1P 3RX,Connector 1,0
24117,51.497898,-0.126400,SW1P 3RX,Connector 2,0
24117,51.497898,-0.126400,SW1P 3RX,Connector 3,0
24118,51.497898,-0.126400,SW1P 3RX,Connector 1,2
24118,51.497898,-0.126400,SW1P 3RX,Connector 2,2
24118,51.497898,-0.126400,SW1P 3RX,Connector 3,2
24119,51.512344,-0.129508,WC2H 7PR,Connector 1,2
24119,51.512344,-0.129508,WC2H 7PR,Connector 2,2
24119,51.512344,-0.129508,WC2H 7PR,Connector 3,1
24120,51.512360,-0.129549,WC2H 7PR,Connector 1,0
24120,51.512360,-0.129549,WC2H 7PR,Connector 2,0
24120,51.512360,-0.129549,WC2H 7PR,Connector 3,0
4033,53.022663,-2.176033,ST1 3AF,Socket 1,0
4033,53.022663,-2.176033,ST1 3AF,Socket 2,1
4034,53.022865,-2.176233,ST1 3AF,Socket 1,0
4034,53.022865,-2.176233,ST1 3AF,Socket 2,0
4035,53.022766,-2.176133,ST1 3AF,Socket 1,0
4035,53.022766,-2.176133,ST1 3AF,Socket 2,0
4031,51.442223,-0.951916,RG6 6BW,Socket 1,1
4031,51.442223,-0.951916,RG6 6BW,Socket 2,0
4015,52.245895,0.706531,IP33 3BA,Socket 1,1
4015,52.245895,0.706531,IP33 3BA,Socket 2,0
4016,52.082226,0.440295,CB9 7UR,Socket 1,0
4016,52.082226,0.440295,CB9 7UR,Socket 2,0
43062,50.864799,0.259990,BN27 2AX,Connector 1,0
43063,50.864819,0.259698,BN27 2AX,Connector 1,0
43066,54.571686,-1.234692,TS1 3DP,Connector 1,0
43067,54.986607,-2.519884,CA6 7JD,Connector 1,0
43068,54.951962,-1.602898,NE8 4HA,Connector 1,1
43071,54.809658,-1.439532,DH4 4DN,Connector 1,0
43072,54.753361,-1.617977,DH7 8RS,Connector 1,0
43073,54.753841,-1.616990,DH7 8RS,Connector 1,0
43074,54.578930,-1.237750,TS1 1SR,Connector 1,2
43080,54.986950,-1.577000,NE6 5LS,Socket 1,0
43086,54.591621,-1.017940,TS11 7BN,Connector 1,1
4037,51.296642,-0.556379,GU22 9NU,Socket 1,0
4037,51.296642,-0.556379,GU22 9NU,Socket 2,0
43090,54.766499,-1.569740,DH1 3LE,Connector 1,0
43091,54.976158,-1.617890,NE1 4DD,Connector 1,0
43092,54.666000,-1.677500,DL14 7PG,Connector 1,0
43095,55.109627,-1.500382,NE24 3PL,Connector 1,2
43096,55.109238,-1.500323,NE24 3PL,Connector 1,0
43098,54.780312,-1.575440,DH1 1SQ,Connector 1,2
43099,54.780312,-1.575440,DH1 1SQ,Connector 1,0
43103,53.405998,-2.157050,SK1 3NJ,Connector 1,0
43104,53.497929,-2.518380,WN7 1AB,Connector 1,0
43105,53.497929,-2.518380,WN7 1AB,Connector 1,0
43108,53.440121,-2.271380,M21 8UW,Connector 1,0
43109,53.440121,-2.271380,M21 8UW,Connector 1,0
43116,53.466434,-2.237960,M13 9PL,Connector 1,0
43117,53.466354,-2.237922,M13 9PL,Connector 1,0
43120,53.462410,-2.234320,M15 6GD,Connector 1,2
43122,53.462608,-2.234320,M15 6GD,Connector 1,2
43134,51.319885,-0.561826,GU21 6GB,Connector 1,0
43135,55.133968,-1.534261,NE24 5TF,Connector 1,0
43136,55.133869,-1.534261,NE24 5TF,Connector 1,1
43137,55.397640,-1.687716,NE66 2ES,Connector 1,0
43138,55.397739,-1.687716,NE66 2ES,Connector 1,1
43141,51.242119,-0.575880,GU1 4NZ,Connector 1,0
43142,51.242222,-0.575880,GU1 4NZ,Connector 1,0
43143,51.235569,-0.587230,GU2 7PX,Connector 1,0
43144,51.235668,-0.587230,GU2 7PX,Connector 1,0
43145,51.239208,-0.580460,GU1 4UU,Connector 1,0
43146,51.239311,-0.580460,GU1 4UU,Connector 1,0
4013,52.245518,0.406824,CB8 8EG,Socket 1,0
4013,52.245518,0.406824,CB8 8EG,Socket 2,0
41030,54.958771,-1.671730,NE11 9YG,Connector 1,0
41030,54.958771,-1.671730,NE11 9YG,Connector 2,0
41031,54.958870,-1.671730,NE11 9YG,Connector 1,0
41031,54.958870,-1.671730,NE11 9YG,Connector 2,0
43149,50.852451,-0.157250,BN1 5JB,Connector 1,0
43150,50.852551,-0.157250,BN1 5JB,Connector 1,0
43152,50.830681,-0.134540,BN1 4SB,Connector 1,0
43154,50.828651,-0.138390,BN1 4DZ,Connector 1,1
43159,50.819340,-0.135230,BN2 1AY,Connector 1,0
22658,52.514721,-0.660277,NN17 5AF,Connector 1,0
22658,52.514721,-0.660277,NN17 5AF,Connector 2,0
22659,52.511391,-0.672777,NN17 5AF,Connector 1,0
22659,52.511391,-0.672777,NN17 5AF,Connector 2,0
22660,52.500126,-0.674975,NN17 5XY,Connector 1,0
22660,52.500126,-0.674975,NN17 5XY,Connector 2,0
43166,54.970970,-1.603110,NE1 2AF,Connector 1,1
43169,54.974220,-1.603850,NE1 6PF,Connector 1,1
43170,51.506550,-0.345870,UB1 3EU,Connector 1,0
43172,51.506748,-0.345870,UB1 3EU,Connector 1,2
43173,51.506851,-0.345870,UB1 3EU,Connector 1,2
43174,51.506950,-0.345870,UB1 3EU,Connector 1,0
43175,51.507000,-0.345870,UB1 3EU,Connector 1,0
43176,51.507198,-0.345870,UB1 3EU,Connector 1,2
43177,51.507301,-0.345870,UB1 3EU,Connector 1,0
43178,51.507401,-0.345870,UB1 3EU,Connector 1,0
43179,51.507500,-0.345870,UB1 3EU,Connector 1,0
43180,51.507599,-0.345870,UB1 3EU,Connector 1,1
43181,51.507702,-0.345870,UB1 3EU,Connector 1,0
43182,51.507801,-0.345870,UB1 3EU,Connector 1,0
43183,55.004822,-1.619520,NE3 1HB,Connector 1,1
43184,55.006821,-1.619520,NE3 1HB,Connector 1,1
43192,55.004028,-1.612540,NE3 1NH,Connector 1,0
43193,55.034019,-1.645220,NE13 9AA,Connector 1,0
43194,55.034019,-1.645220,NE13 9AA,Connector 1,0
43195,55.034019,-1.645220,NE13 9AA,Connector 1,1
43197,54.946350,-1.680260,NE16 4AB,Connector 1,0
43198,51.319881,-0.561820,GU21 6GB,Connector 1,0
41032,50.861160,-0.713060,PO18 0EE,Connector 1,0
43199,54.987438,-1.635930,NE2 4NL,Connector 1,0
43200,54.987438,-1.635930,NE2 4NL,Connector 1,0
43201,55.049229,-1.453210,NE26 1QF,Connector 1,0
41033,55.184799,-1.545020,NE63 9JJ,Connector 1,1
41033,55.184799,-1.545020,NE63 9JJ,Connector 2,1
41034,55.183399,-1.546390,NE63 9JJ,Connector 1,1
41034,55.183399,-1.546390,NE63 9JJ,Connector 2,1
41035,55.183498,-1.546390,NE63 9JJ,Connector 1,1
41035,55.183498,-1.546390,NE63 9JJ,Connector 2,1
41036,55.183601,-1.546390,NE63 9JJ,Connector 1,0
41036,55.183601,-1.546390,NE63 9JJ,Connector 2,0
4017,52.247314,0.719302,IP33 1XT,Socket 1,0
4017,52.247314,0.719302,IP33 1XT,Socket 2,1
4043,52.036865,-2.423459,HR8 1EA,Socket 1,0
4043,52.036865,-2.423459,HR8 1EA,Socket 2,0
43206,55.109367,-1.500339,NE24 3PL,Connector 1,0
43210,54.851978,-1.834210,DH8 5QU,Connector 1,0
43211,54.966869,-1.594860,NE8 3DF,Connector 1,1
43212,54.966969,-1.594860,NE8 3DF,Connector 1,0
33699,52.414558,-1.781430,B91 3RX,Connector 1,0
33699,52.414558,-1.781430,B91 3RX,Connector 2,1
33700,52.414009,-1.775220,B91 3DT,Connector 1,1
33700,52.414009,-1.775220,B91 3DT,Connector 2,0
33701,52.414322,-1.777070,B91 3AB,Connector 1,0
33701,52.414322,-1.777070,B91 3AB,Connector 2,0
41039,55.075588,-1.570010,NE23 6NX,Connector 1,1
41039,55.075588,-1.570010,NE23 6NX,Connector 2,1
43214,51.125320,-0.004361,RH19 3AZ,Connector 1,0
43217,51.125221,-0.004461,RH19 3AZ,Connector 1,0
4059,51.442223,-0.952028,RG6 6BW,Socket 1,0
4059,51.442223,-0.952028,RG6 6BW,Socket 2,0
4061,51.512047,-0.101338,EC4V 4BQ,Socket 1,1
4061,51.512047,-0.101338,EC4V 4BQ,Socket 2,1
4063,51.512047,-0.101255,EC4V 4BQ,Socket 1,0
4063,51.512047,-0.101255,EC4V 4BQ,Socket 2,0
43222,51.116829,-0.183592,RH10 1UZ,Connector 1,1
43223,50.783073,-0.670373,PO21 1LD,Connector 1,0
43224,51.116829,-0.183492,RH10 1UZ,Connector 1,1
43225,50.820667,-0.337240,BN11 2HP,Connector 1,0
43229,50.810631,-0.542500,BN17 6EU,Connector 1,0
43230,50.783073,-0.670373,PO21 1LD,Connector 1,0
43231,50.812630,-0.368419,BN11 1NY,Connector 1,0
4064,51.512047,-0.101162,EC4V 4BQ,Socket 1,0
4064,51.512047,-0.101162,EC4V 4BQ,Socket 2,1
4065,51.512161,-0.100849,EC4V 4BQ,Socket 1,0
4065,51.512161,-0.100849,EC4V 4BQ,Socket 2,0
4066,51.512154,-0.100735,EC4V 4BQ,Socket 1,0
4066,51.512154,-0.100735,EC4V 4BQ,Socket 2,1
4070,52.260338,-1.159091,NN11 4FP,Socket 1,1
4070,52.260338,-1.159091,NN11 4FP,Socket 2,1
4068,51.825527,-1.372400,OX29 8LA,Socket 1,0
4068,51.825527,-1.372400,OX29 8LA,Socket 2,0
4071,52.193199,-2.232200,WR2 5JN,Socket 1,0
4071,52.193199,-2.232200,WR2 5JN,Socket 2,0
4072,52.197201,-2.245100,WR2 6AJ,Socket 1,0
4072,52.197201,-2.245100,WR2 6AJ,Socket 2,0
4089,51.510281,-0.073342,E1 8LP,Socket 1,0
4089,51.510281,-0.073342,E1 8LP,Socket 2,0
4090,51.510380,-0.073442,E1 8LP,Socket 1,0
4090,51.510380,-0.073442,E1 8LP,Socket 2,0
4092,51.510479,-0.073542,E1 8LP,Socket 1,1
4092,51.510479,-0.073542,E1 8LP,Socket 2,0
4093,51.510578,-0.073642,E1 8LP,Socket 1,0
4093,51.510578,-0.073642,E1 8LP,Socket 2,0
4096,51.508907,-0.078926,EC3R 6DT,Socket 1,0
4096,51.508907,-0.078926,EC3R 6DT,Socket 2,0
4095,51.508907,-0.078926,EC3R 6DT,Socket 1,0
4095,51.508907,-0.078926,EC3R 6DT,Socket 2,0
4094,51.510780,-0.073842,E1 8LP,Socket 1,0
4094,51.510780,-0.073842,E1 8LP,Socket 2,0
4081,51.519379,-0.101743,EC1A 9DS,Socket 1,0
4081,51.519379,-0.101743,EC1A 9DS,Socket 2,0
4082,51.517570,-0.094944,EC2V 5DY,Socket 1,1
4082,51.517570,-0.094944,EC2V 5DY,Socket 2,1
4083,51.517570,-0.094925,EC2V 5DY,Socket 1,1
4083,51.517570,-0.094925,EC2V 5DY,Socket 2,0
4084,51.517567,-0.094908,EC2V 5DY,Socket 1,1
4084,51.517567,-0.094908,EC2V 5DY,Socket 2,1
4085,51.517567,-0.094891,EC2V 5DY,Socket 1,0
4085,51.517567,-0.094891,EC2V 5DY,Socket 2,0
4086,51.517567,-0.094869,EC2V 5DY,Socket 1,1
4086,51.517567,-0.094869,EC2V 5DY,Socket 2,1
4087,51.518017,-0.102353,EC1A 9DS,Socket 1,1
4087,51.518017,-0.102353,EC1A 9DS,Socket 2,1
4088,51.519016,-0.101353,EC1A 9DS,Socket 1,1
4088,51.519016,-0.101353,EC1A 9DS,Socket 2,2
4073,53.532009,-1.154785,DN5 8AS,Socket 1,2
4073,53.532009,-1.154785,DN5 8AS,Socket 2,0
4097,51.508816,-0.080502,EC3R 6DT,Socket 1,0
4097,51.508816,-0.080502,EC3R 6DT,Socket 2,0
4098,51.508816,-0.080502,EC3R 6DT,Socket 1,0
4098,51.508816,-0.080502,EC3R 6DT,Socket 2,0
4099,51.509033,-0.079761,EC3R 6DT,Socket 1,0
4099,51.509033,-0.079761,EC3R 6DT,Socket 2,0
4100,52.043907,-0.759370,MK9 3AH,Socket 1,1
4100,52.043907,-0.759370,MK9 3AH,Socket 2,1
4101,52.043949,-0.757089,MK9 3AH,Socket 1,1
4101,52.043949,-0.757089,MK9 3AH,Socket 2,1
4102,52.043873,-0.757297,MK9 3AH,Socket 1,1
4102,52.043873,-0.757297,MK9 3AH,Socket 2,1
4103,52.044117,-0.756355,MK9 3AH,Socket 1,1
4103,52.044117,-0.756355,MK9 3AH,Socket 2,1
4142,51.509373,-0.130816,WC2H 7DT,Socket 1,0
4142,51.509373,-0.130816,WC2H 7DT,Socket 2,0
4143,51.490089,-0.146763,SW1V 4LR,Socket 1,0
4143,51.490089,-0.146763,SW1V 4LR,Socket 2,1
4144,51.490089,-0.146763,SW1V 4LR,Socket 1,0
4144,51.490089,-0.146763,SW1V 4LR,Socket 2,1
4145,53.028641,-2.176514,ST1 1PS,Socket 1,0
4145,53.028641,-2.176514,ST1 1PS,Socket 2,0
4146,53.028641,-2.176514,ST1 1PS,Socket 1,2
4146,53.028641,-2.176514,ST1 1PS,Socket 2,2
146156,51.612251,-2.201027,GL8 8QL,Socket 1,0
3994,51.407120,-0.839377,RG40 2AF,Socket 1,0
3994,51.407120,-0.839377,RG40 2AF,Socket 2,0
3995,51.408119,-0.839477,RG40 2AF,Socket 1,0
3995,51.408119,-0.839477,RG40 2AF,Socket 2,0
4182,51.035748,-2.274461,SP8 4QA,Socket 1,2
4182,51.035748,-2.274461,SP8 4QA,Socket 2,2
4110,53.963150,-1.071793,YO31 7UZ,Socket 1,0
4110,53.963150,-1.071793,YO31 7UZ,Socket 2,0
4185,53.480400,-2.605500,WA3 3SP,Socket 1,0
4185,53.480400,-2.605500,WA3 3SP,Socket 2,0
4172,52.561035,-1.825913,B73 6EJ,Socket 1,1
4172,52.561035,-1.825913,B73 6EJ,Socket 2,0
4187,52.415501,-1.789400,B91 1LE,Socket 1,0
4187,52.415501,-1.789400,B91 1LE,Socket 2,1
4106,51.865700,-0.422652,LU1 4BH,Socket 1,0
4106,51.865700,-0.422652,LU1 4BH,Socket 2,0
4196,53.227215,-0.536983,LN5 7HW,Socket 1,1
4196,53.227215,-0.536983,LN5 7HW,Socket 2,0
4186,53.984154,-1.095365,YO30 6RF,Socket 1,0
4186,53.984154,-1.095365,YO30 6RF,Socket 2,1
4224,52.688114,-1.123750,LE4 4NP,Socket 1,0
4224,52.688114,-1.123750,LE4 4NP,Socket 2,0
4225,52.688114,-1.123750,LE4 4NP,Socket 1,0
4225,52.688114,-1.123750,LE4 4NP,Socket 2,0
4215,53.756809,-2.697410,PR1 3XA,Socket 1,0
4215,53.756809,-2.697410,PR1 3XA,Socket 2,0
4216,53.756908,-2.697510,PR1 3XA,Socket 1,1
4216,53.756908,-2.697510,PR1 3XA,Socket 2,1
4243,52.146854,-0.469889,MK41 2TB,Socket 1,0
4243,52.146854,-0.469889,MK41 2TB,Socket 2,0
4254,52.815331,-2.084680,ST18 0GE,Socket 1,2
4254,52.815331,-2.084680,ST18 0GE,Socket 2,2
4258,51.535412,-0.104610,N1 0QH,Socket 1,0
4258,51.535412,-0.104610,N1 0QH,Socket 2,0
4259,51.535511,-0.104610,N1 0QH,Socket 1,0
4259,51.535511,-0.104610,N1 0QH,Socket 2,0
4287,52.478569,-1.915854,B1 2JF,Socket 1,0
4287,52.478569,-1.915854,B1 2JF,Socket 2,0
4288,52.477570,-1.914854,B1 2JF,Socket 1,0
4288,52.477570,-1.914854,B1 2JF,Socket 2,0
4261,50.997631,-0.101500,RH16 1SS,Socket 1,2
4261,50.997631,-0.101500,RH16 1SS,Socket 2,2
4262,50.956749,-0.130690,RH15 8DX,Socket 1,2
4262,50.956749,-0.130690,RH15 8DX,Socket 2,2
4294,50.739201,-1.160500,PO33 2HF,Socket 1,0
4294,50.739201,-1.160500,PO33 2HF,Socket 2,0
4260,55.231770,-2.176804,NE19 1NS,Socket 1,0
4260,55.231770,-2.176804,NE19 1NS,Socket 2,0
4292,52.134361,-0.989937,NN12 6LD,Socket 1,0
4292,52.134361,-0.989937,NN12 6LD,Socket 2,0
4301,51.341328,-0.259663,KT17 1JG,Socket 1,2
4301,51.341328,-0.259663,KT17 1JG,Socket 2,2
4332,53.226883,-0.537522,LN5 7HW,Socket 1,0
4332,53.226883,-0.537522,LN5 7HW,Socket 2,0
4334,53.226883,-0.537522,LN5 7HW,Socket 1,0
4334,53.226883,-0.537522,LN5 7HW,Socket 2,0
4336,53.226883,-0.537522,LN5 7HW,Socket 1,0
4336,53.226883,-0.537522,LN5 7HW,Socket 2,0
4337,53.226883,-0.537522,LN5 7HW,Socket 1,1
4337,53.226883,-0.537522,LN5 7HW,Socket 2,0
4341,51.918610,-1.161646,OX27 8TG,Socket 1,0
4341,51.918610,-1.161646,OX27 8TG,Socket 2,0
247,51.911125,-0.388511,LU2 8DD,Socket 1,0
247,51.911125,-0.388511,LU2 8DD,Socket 2,0
4390,53.235313,-0.543865,LN1 3BU,Socket 1,1
4390,53.235313,-0.543865,LN1 3BU,Socket 2,1
101,52.207001,0.133275,CB1 1PS,Socket 1,0
101,52.207001,0.133275,CB1 1PS,Socket 2,1
4397,53.297707,-3.727103,LL29 8HH,Socket 1,0
4397,53.297707,-3.727103,LL29 8HH,Socket 2,1
4398,51.881981,0.552760,CM7 9HB,Socket 1,0
4398,51.881981,0.552760,CM7 9HB,Socket 2,0
4400,52.190300,-2.509100,HR7 4LL,Socket 1,0
4400,52.190300,-2.509100,HR7 4LL,Socket 2,1
4356,54.996361,-1.434090,NE33 1AP,Socket 1,0
4356,54.996361,-1.434090,NE33 1AP,Socket 2,0
4358,55.002178,-1.419400,NE33 2LF,Socket 1,0
4358,55.002178,-1.419400,NE33 2LF,Socket 2,0
4360,54.982288,-1.474510,NE32 3BY,Socket 1,0
4360,54.982288,-1.474510,NE32 3BY,Socket 2,0
4361,54.995049,-1.429110,NE33 2PS,Socket 1,0
4361,54.995049,-1.429110,NE33 2PS,Socket 2,0
4401,52.044052,-0.756756,MK9 3AH,Socket 1,1
4401,52.044052,-0.756756,MK9 3AH,Socket 2,1
4402,51.125271,-0.004450,RH19 3LY,Socket 1,0
4402,51.125271,-0.004450,RH19 3LY,Socket 2,0
4403,51.531174,0.148639,RM10 9NH,Socket 1,2
4403,51.531174,0.148639,RM10 9NH,Socket 2,2
1319,51.524101,-0.715837,SL6 8QZ,Socket 1,0
1319,51.524101,-0.715837,SL6 8QZ,Socket 2,0
43245,53.542400,-2.103430,OL4 1SY,Connector 1,1
43244,53.542500,-2.103430,OL4 1SY,Connector 1,0
43242,53.542702,-2.103430,OL4 1SY,Connector 1,0
43240,54.993881,-1.609740,NE2 3HH,Connector 1,0
33705,51.339169,0.736560,ME10 4BJ,Connector 1,0
33705,51.339169,0.736560,ME10 4BJ,Connector 2,0
43262,51.203941,-2.648250,BA5 1SQ,Connector 1,0
22662,52.513889,-0.661111,NN17 5AF,Connector 1,1
22662,52.513889,-0.661111,NN17 5AF,Connector 2,0
22663,52.506248,-0.642230,NN17 5EU,Connector 1,1
22663,52.506248,-0.642230,NN17 5EU,Connector 2,0
41040,55.075359,-1.568967,NE23 6NX,Connector 1,0
41040,55.075359,-1.568967,NE23 6NX,Connector 2,0
41041,54.801380,-1.610930,DH1 5RD,Connector 1,1
41041,54.801380,-1.610930,DH1 5RD,Connector 2,0
43324,51.593651,-0.259740,NW9 0AS,Connector 1,0
41042,54.296329,-0.424420,YO12 6DN,Connector 1,0
41042,54.296329,-0.424420,YO12 6DN,Connector 2,0
43325,55.009109,-1.443220,NE30 1DB,Connector 1,0
43336,52.294109,0.049656,CB24 3DS,Connector 1,0
43337,52.294048,0.049871,CB24 3DS,Connector 1,1
43338,52.294029,0.049925,CB24 3DS,Connector 1,0
43339,52.294010,0.049710,CB24 3DS,Connector 1,0
43341,52.321953,-0.064465,PE27 4LG,Connector 1,0
41043,54.969234,-2.092356,NE46 1QJ,Connector 1,0
41043,54.969234,-2.092356,NE46 1QJ,Connector 2,0
41044,54.969334,-2.092356,NE46 1QJ,Connector 1,0
41044,54.969334,-2.092356,NE46 1QJ,Connector 2,1
41045,54.969433,-2.092356,NE46 1QJ,Connector 1,0
41045,54.969433,-2.092356,NE46 1QJ,Connector 2,1
41046,54.567070,-1.234290,TS1 3LF,Connector 1,0
41046,54.567070,-1.234290,TS1 3LF,Connector 2,0
41047,54.545658,-1.146900,TS6 0SZ,Connector 1,0
41047,54.545658,-1.146900,TS6 0SZ,Connector 2,0
41048,54.545761,-1.146900,TS6 0SZ,Connector 1,0
41048,54.545761,-1.146900,TS6 0SZ,Connector 2,1
315,51.510201,-0.092865,EC4R 3TB,Socket 1,1
315,51.510201,-0.092865,EC4R 3TB,Socket 2,0
1637,51.510502,-0.092865,EC4R 3TB,Socket 1,1
1637,51.510502,-0.092865,EC4R 3TB,Socket 2,1
4437,50.806713,-2.003582,BH21 4DT,Socket 1,0
4437,50.806713,-2.003582,BH21 4DT,Socket 2,1
4404,50.693321,-1.284787,PO30 2QH,Socket 1,0
4404,50.693321,-1.284787,PO30 2QH,Socket 2,1
3863,50.693321,-1.284787,PO30 2QH,Socket 1,0
3863,50.693321,-1.284787,PO30 2QH,Socket 2,0
3902,51.451248,0.177937,DA1 4ES,Socket 1,0
3902,51.451248,0.177937,DA1 4ES,Socket 2,0
553,50.824100,-0.139746,BN1 1US,Socket 1,0
553,50.824100,-0.139746,BN1 1US,Socket 2,1
2210,52.513863,-2.072104,DY1 4RH,Socket 1,1
2210,52.513863,-2.072104,DY1 4RH,Socket 2,2
4460,52.182404,-2.194913,WR5 2JG,Socket 1,0
4460,52.182404,-2.194913,WR5 2JG,Socket 2,0
4463,55.960224,-3.125401,EH15 1ED,Socket 1,1
4463,55.960224,-3.125401,EH15 1ED,Socket 2,1
4469,51.496811,0.011310,SE10 0NL,Socket 1,0
4469,51.496811,0.011310,SE10 0NL,Socket 2,0
636,51.879398,-0.412776,LU1 2LJ,Socket 1,0
636,51.879398,-0.412776,LU1 2LJ,Socket 2,0
891,51.452900,-2.593220,BS1 4ES,Socket 1,0
891,51.452900,-2.593220,BS1 4ES,Socket 2,1
892,51.452900,-2.593120,BS1 4ES,Socket 1,0
892,51.452900,-2.593120,BS1 4ES,Socket 2,1
547,51.879902,-0.411338,LU1 2JX,Socket 1,1
547,51.879902,-0.411338,LU1 2JX,Socket 2,1
4499,52.718700,-2.464730,TF1 7YB,Socket 1,2
4499,52.718700,-2.464730,TF1 7YB,Socket 2,2
4503,53.084320,-1.573250,DE4 4FG,Socket 1,0
4503,53.084320,-1.573250,DE4 4FG,Socket 2,0
1796,51.665634,-0.386127,WD24 4JL,Socket 1,1
1796,51.665634,-0.386127,WD24 4JL,Socket 2,0
3214,51.172298,-1.779651,SP4 7JE,Socket 1,0
3214,51.172298,-1.779651,SP4 7JE,Socket 2,0
4488,52.460178,-1.016310,LE17 6QX,Socket 1,0
4488,52.460178,-1.016310,LE17 6QX,Socket 2,0
782,52.064743,-0.536048,MK43 0PR,Socket 1,0
782,52.064743,-0.536048,MK43 0PR,Socket 2,0
4543,54.884769,-1.703910,DH9 9NX,Socket 1,0
4543,54.884769,-1.703910,DH9 9NX,Socket 2,0
4598,51.515297,0.010805,E16 1ED,Socket 1,0
4598,51.515297,0.010805,E16 1ED,Socket 2,0
4537,53.616325,-2.154849,OL16 1RT,Socket 1,0
4537,53.616325,-2.154849,OL16 1RT,Socket 2,0
4539,53.615204,-2.158708,OL16 1AZ,Socket 1,0
4539,53.615204,-2.158708,OL16 1AZ,Socket 2,0
4607,56.105560,-3.920600,FK7 7FG,Socket 1,0
4607,56.105560,-3.920600,FK7 7FG,Socket 2,0
4610,54.835918,-1.334140,SR7 7JE,Socket 1,0
4610,54.835918,-1.334140,SR7 7JE,Socket 2,0
365,51.776478,-1.263180,OX2 7BY,Socket 1,0
365,51.776478,-1.263180,OX2 7BY,Socket 2,0
4614,52.500778,-2.154613,DY6 8BT,Socket 1,0
4614,52.500778,-2.154613,DY6 8BT,Socket 2,0
527,51.524101,-0.715748,SL6 8QZ,Socket 1,2
527,51.524101,-0.715748,SL6 8QZ,Socket 2,2
1626,51.657799,-0.402502,WD18 0JY,Socket 1,2
1626,51.657799,-0.402502,WD18 0JY,Socket 2,2
4611,51.636688,-0.095640,N21 2QP,Socket 1,0
4611,51.636688,-0.095640,N21 2QP,Socket 2,0
4612,51.636589,-0.094640,N21 2QP,Socket 1,0
4612,51.636589,-0.094640,N21 2QP,Socket 2,0
2049,51.556046,-0.009820,E10 5NH,Socket 1,0
2049,51.556046,-0.009820,E10 5NH,Socket 2,1
4618,51.646599,-0.428110,WD18 8YR,Socket 1,0
4618,51.646599,-0.428110,WD18 8YR,Socket 2,0
4648,51.887127,-0.514527,LU5 4FG,Socket 1,2
4648,51.887127,-0.514527,LU5 4FG,Socket 2,2
177,51.522099,-0.160129,NW1 5AR,Socket 1,2
177,51.522099,-0.160129,NW1 5AR,Socket 2,2
4675,50.557205,-4.732442,PL30 3PG,Socket 1,0
4675,50.557205,-4.732442,PL30 3PG,Socket 2,0
1600,51.657745,-0.395408,WD17 0JY,Socket 1,2
1600,51.657745,-0.395408,WD17 0JY,Socket 2,2
4707,51.480343,-0.438817,TW6 2SF,Socket 1,0
4707,51.480343,-0.438817,TW6 2SF,Socket 2,0
43347,55.109528,-1.500360,NE24 3PL,Connector 1,0
41049,54.801479,-1.610930,DH1 5RD,Connector 1,1
41049,54.801479,-1.610930,DH1 5RD,Connector 2,1
43353,51.405022,-0.240540,SW20 0JH,Connector 1,0
43353,51.405022,-0.240540,SW20 0JH,Connector 2,0
43354,51.405121,-0.240640,SW20 0JH,Connector 1,0
43354,51.405121,-0.240640,SW20 0JH,Connector 2,0
43355,51.405220,-0.240740,SW20 0JH,Connector 1,0
43355,51.405220,-0.240740,SW20 0JH,Connector 2,0
43356,51.405319,-0.240840,SW20 0JH,Connector 1,0
43356,51.405319,-0.240840,SW20 0JH,Connector 2,0
43357,51.405418,-0.240940,SW20 0JH,Connector 1,0
43357,51.405418,-0.240940,SW20 0JH,Connector 2,0
43358,51.405521,-0.241040,SW20 0JH,Connector 1,0
43358,51.405521,-0.241040,SW20 0JH,Connector 2,0
43359,51.405621,-0.241140,SW20 0JH,Connector 1,0
43359,51.405621,-0.241140,SW20 0JH,Connector 2,0
43360,51.405720,-0.241240,SW20 0JH,Connector 1,0
43360,51.405720,-0.241240,SW20 0JH,Connector 2,0
43361,51.405819,-0.241340,SW20 0JH,Connector 1,0
43361,51.405819,-0.241340,SW20 0JH,Connector 2,0
33710,53.777840,-1.479940,LS9 0PS,Connector 1,0
33710,53.777840,-1.479940,LS9 0PS,Connector 2,0
33712,53.778000,-1.479940,LS9 0PS,Connector 1,0
33712,53.778000,-1.479940,LS9 0PS,Connector 2,0
33713,53.778099,-1.479940,LS9 0PS,Connector 1,2
33713,53.778099,-1.479940,LS9 0PS,Connector 2,0
33714,53.778198,-1.479940,LS9 0PS,Connector 1,0
33714,53.778198,-1.479940,LS9 0PS,Connector 2,0
33715,53.778301,-1.479940,LS9 0PS,Connector 1,2
33715,53.778301,-1.479940,LS9 0PS,Connector 2,0
33716,53.778400,-1.479940,LS9 0PS,Connector 1,0
33716,53.778400,-1.479940,LS9 0PS,Connector 2,1
43350,53.937580,-1.384500,LS22 7TW,Connector 1,0
43351,53.937679,-1.384500,LS22 7TW,Connector 1,2
4641,51.490398,0.282200,RM20 2ZP,Socket 1,1
4641,51.490398,0.282200,RM20 2ZP,Socket 2,1
4642,51.491402,0.282300,RM20 2ZP,Socket 1,1
4642,51.491402,0.282300,RM20 2ZP,Socket 2,1
4589,53.275661,-1.462430,S41 9QB,Socket 1,0
4589,53.275661,-1.462430,S41 9QB,Socket 2,0
4623,51.095940,0.036100,RH18 5DZ,Connector 1,0
4623,51.095940,0.036100,RH18 5DZ,Connector 2,0
4772,52.038929,-2.688006,HR2 6BQ,Socket 1,0
4772,52.038929,-2.688006,HR2 6BQ,Socket 2,1
4786,51.068520,-0.307971,RH13 5QR,Socket 1,0
4786,51.068520,-0.307971,RH13 5QR,Socket 2,0
4794,54.767429,-1.581970,DH1 3TQ,Socket 1,0
4794,54.767429,-1.581970,DH1 3TQ,Socket 2,0
4795,54.792980,-1.600530,DH1 5RA,Socket 1,0
4795,54.792980,-1.600530,DH1 5RA,Socket 2,0
4801,54.851418,-1.560274,DH3 3SJ,Socket 1,0
4801,54.851418,-1.560274,DH3 3SJ,Socket 2,0
4764,13.730513,-60.949997,,Socket 1,0
4764,13.730513,-60.949997,,Socket 2,0
4766,13.906862,-60.895504,LL,Socket 1,0
4766,13.906862,-60.895504,LL,Socket 2,0
4484,52.193516,-1.702059,CV37 6YX,Socket 1,0
4484,52.193516,-1.702059,CV37 6YX,Socket 2,0
N10447,51.769081,0.129290,CM17 9NA,Socket 1,0
N10447,51.769081,0.129290,CM17 9NA,Socket 2,0
N10448,51.769104,0.129413,CM17 9NA,Socket 1,0
N10448,51.769104,0.129413,CM17 9NA,Socket 2,0
4938,13.104941,-59.581062,00246,Socket 1,0
4938,13.104941,-59.581062,00246,Socket 2,0
4879,52.482632,-0.658490,NN18 8ET,Socket 1,0
4879,52.482632,-0.658490,NN18 8ET,Socket 2,0
4823,55.863411,-4.022230,ML5 3EK,Socket 1,0
4823,55.863411,-4.022230,ML5 3EK,Socket 2,0
4900,51.412182,-0.177100,SW19 2QA,Socket 1,0
4900,51.412182,-0.177100,SW19 2QA,Socket 2,0
4901,51.412182,-0.177100,SW19 2QA,Socket 1,0
4901,51.412182,-0.177100,SW19 2QA,Socket 2,0
4925,55.888870,-3.433610,EH27 8BP,Socket 1,0
4925,55.888870,-3.433610,EH27 8BP,Socket 2,0
4926,55.960346,-4.652682,G82 5NL,Socket 1,0
4926,55.960346,-4.652682,G82 5NL,Socket 2,0
4928,55.998890,-2.512900,EH42 1JX,Socket 1,0
4928,55.998890,-2.512900,EH42 1JX,Socket 2,0
3657,52.182343,-2.195807,WR5 2JG,Socket 1,0
3657,52.182343,-2.195807,WR5 2JG,Socket 2,0
4887,52.022598,-0.756800,MK6 1LY,Socket 1,0
4887,52.022598,-0.756800,MK6 1LY,Socket 2,0
4888,52.021843,-0.756609,MK6 1LY,Socket 1,0
4888,52.021843,-0.756609,MK6 1LY,Socket 2,0
4913,52.068699,-0.822900,MK12 5NN,Socket 1,1
4913,52.068699,-0.822900,MK12 5NN,Socket 2,1
4977,51.654118,-0.392859,WD17 2UB,Socket 1,0
4977,51.654118,-0.392859,WD17 2UB,Socket 2,0
4918,52.055695,-0.758733,MK14 6LY,Socket 1,0
4918,52.055695,-0.758733,MK14 6LY,Socket 2,0
4915,51.669094,-0.156687,EN4 0PY,Socket 1,0
4915,51.669094,-0.156687,EN4 0PY,Socket 2,0
4884,51.628502,-0.750600,HP11 2HF,Socket 1,0
4884,51.628502,-0.750600,HP11 2HF,Socket 2,1
4885,51.628414,-0.750396,HP11 2HF,Socket 1,0
4885,51.628414,-0.750396,HP11 2HF,Socket 2,0
4922,52.056839,1.197910,IP4 5PD,Socket 1,0
4922,52.056839,1.197910,IP4 5PD,Socket 2,0
4940,54.951962,-1.602890,NE8 4HA,Socket 1,0
4940,54.951962,-1.602890,NE8 4HA,Socket 2,0
4941,54.936039,-1.601335,NE9 6DA,Socket 1,0
4941,54.936039,-1.601335,NE9 6DA,Socket 2,0
4667,51.649792,-0.148206,EN4 0AS,Socket 1,1
4667,51.649792,-0.148206,EN4 0AS,Socket 2,1
5023,52.186131,-2.180974,WR5 2NP,Socket 1,0
5023,52.186131,-2.180974,WR5 2NP,Socket 2,0
4843,51.391018,-0.130924,CR9 3AS,Socket 1,0
4843,51.391018,-0.130924,CR9 3AS,Socket 2,1
4846,51.753002,-0.243459,AL10 9EY,Socket 1,0
4846,51.753002,-0.243459,AL10 9EY,Socket 2,0
4847,51.740448,-0.235837,AL10 9EY,Socket 1,0
4847,51.740448,-0.235837,AL10 9EY,Socket 2,0
4848,51.740532,-0.236008,AL10 9EY,Socket 1,0
4848,51.740532,-0.236008,AL10 9EY,Socket 2,0
24121,51.574730,0.085759,IG2 7RH,Connector 1,0
24121,51.574730,0.085759,IG2 7RH,Connector 2,0
24121,51.574730,0.085759,IG2 7RH,Connector 3,0
24130,51.476524,0.022419,SE3 7BT,Connector 1,2
24130,51.476524,0.022419,SE3 7BT,Connector 2,2
24130,51.476524,0.022419,SE3 7BT,Connector 3,2
24135,51.490200,-0.146300,SW1V 4LR,Connector 1,0
24135,51.490200,-0.146300,SW1V 4LR,Connector 2,0
24135,51.490200,-0.146300,SW1V 4LR,Connector 3,0
24136,51.490200,-0.146300,SW1V 4LR,Connector 1,2
24136,51.490200,-0.146300,SW1V 4LR,Connector 2,2
24136,51.490200,-0.146300,SW1V 4LR,Connector 3,1
24137,51.499802,-0.157000,SW1X 8EA,Connector 1,0
24137,51.499802,-0.157000,SW1X 8EA,Connector 2,0
24137,51.499802,-0.157000,SW1X 8EA,Connector 3,0
24138,51.371559,-0.102273,CR0 1TR,Connector 1,0
24138,51.371559,-0.102273,CR0 1TR,Connector 2,0
24138,51.371559,-0.102273,CR0 1TR,Connector 3,0
24141,51.371498,-0.102257,CR0 1TR,Connector 1,2
24141,51.371498,-0.102257,CR0 1TR,Connector 2,2
24141,51.371498,-0.102257,CR0 1TR,Connector 3,2
24142,51.534130,-0.172416,NW8 6AA,Connector 1,0
24142,51.534130,-0.172416,NW8 6AA,Connector 2,0
24142,51.534130,-0.172416,NW8 6AA,Connector 3,0
24144,51.517937,-0.145291,W1G 9HF,Connector 1,2
24144,51.517937,-0.145291,W1G 9HF,Connector 2,1
24144,51.517937,-0.145291,W1G 9HF,Connector 3,2
24145,51.517952,-0.145167,W1G 9HF,Connector 1,0
24145,51.517952,-0.145167,W1G 9HF,Connector 2,0
24145,51.517952,-0.145167,W1G 9HF,Connector 3,0
24148,51.534218,-0.174734,NW8 6AA,Connector 1,0
24148,51.534218,-0.174734,NW8 6AA,Connector 2,0
24148,51.534218,-0.174734,NW8 6AA,Connector 3,0
24150,51.603592,-0.087148,N17 7LG,Connector 1,2
24150,51.603592,-0.087148,N17 7LG,Connector 2,2
24150,51.603592,-0.087148,N17 7LG,Connector 3,2
712,50.766243,0.289976,BN21 3BZ,Socket 1,2
712,50.766243,0.289976,BN21 3BZ,Socket 2,2
10068,51.941422,-3.411703,LD3 8LA,Socket 1,0
10068,51.941422,-3.411703,LD3 8LA,Socket 2,0
10077,51.337337,1.414064,CT11 9TT,Socket 1,1
10077,51.337337,1.414064,CT11 9TT,Socket 2,0
10116,51.584751,-0.497722,UB9 5HR,Socket 1,0
10116,51.584751,-0.497722,UB9 5HR,Socket 2,0
10117,51.584766,-0.497652,UB9 5HR,Socket 1,0
10117,51.584766,-0.497652,UB9 5HR,Socket 2,1
10118,51.584770,-0.497599,UB9 5HR,Socket 1,0
10118,51.584770,-0.497599,UB9 5HR,Socket 2,1
4967,52.043617,-0.819138,MK11 1XN,Socket 1,0
4967,52.043617,-0.819138,MK11 1XN,Socket 2,0
5002,51.946400,1.322560,IP11 3SY,Socket 1,0
5002,51.946400,1.322560,IP11 3SY,Socket 2,0
10136,52.239700,-3.376793,LD1 5BD,Socket 1,0
10136,52.239700,-3.376793,LD1 5BD,Socket 2,0
10110,51.546070,-0.474830,UB8 1LA,Socket 1,1
10110,51.546070,-0.474830,UB8 1LA,Socket 2,0
10111,51.546021,-0.474787,UB8 1LA,Socket 1,0
10111,51.546021,-0.474787,UB8 1LA,Socket 2,0
10149,51.678200,-0.056720,EN1 4RL,Socket 1,0
10149,51.678200,-0.056720,EN1 4RL,Socket 2,0
10150,51.678200,-0.056720,EN1 4RL,Socket 1,0
10150,51.678200,-0.056720,EN1 4RL,Socket 2,0
10151,51.678200,-0.056720,EN1 4RL,Socket 1,0
10151,51.678200,-0.056720,EN1 4RL,Socket 2,0
10115,51.518345,-0.096270,EC2Y 8BT,Connector 1,0
10115,51.518345,-0.096270,EC2Y 8BT,Connector 2,1
10114,51.520546,-0.097765,EC2Y 8DJ,Connector 1,0
10114,51.520546,-0.097765,EC2Y 8DJ,Connector 2,0
10141,51.521126,-0.096646,EC2Y 8DJ,Socket 1,0
10141,51.521126,-0.096646,EC2Y 8DJ,Socket 2,0
10142,51.520546,-0.097765,EC2Y 8DJ,Connector 1,0
10142,51.520546,-0.097765,EC2Y 8DJ,Connector 2,0
10143,51.518387,-0.090660,EC2Y 8BN,Connector 1,0
10143,51.518387,-0.090660,EC2Y 8BN,Connector 2,0
10144,51.518345,-0.096270,EC2Y 8BT,Connector 1,0
10144,51.518345,-0.096270,EC2Y 8BT,Connector 2,0
10170,51.615334,-0.064043,N18 2QE,Socket 1,2
10170,51.615334,-0.064043,N18 2QE,Socket 2,2
10171,53.223175,-0.542852,LN5 7RU,Socket 1,0
10171,53.223175,-0.542852,LN5 7RU,Socket 2,0
10172,51.630718,-0.127729,N13 4PN,Socket 1,1
10172,51.630718,-0.127729,N13 4PN,Socket 2,1
10173,51.618561,-0.111586,N13 4PN,Socket 1,1
10173,51.618561,-0.111586,N13 4PN,Socket 2,1
10174,51.649391,-0.081570,EN2 6TS,Socket 1,0
10174,51.649391,-0.081570,EN2 6TS,Socket 2,0
10140,54.648731,-2.145990,DL12 0XF,Socket 1,2
10140,54.648731,-2.145990,DL12 0XF,Socket 2,2
43363,54.936699,-1.370860,SR6 8AA,Connector 1,0
43364,53.624439,-2.160150,OL12 0NB,Connector 1,0
43386,50.820492,-0.141200,BN1 1ND,Connector 1,0
43386,50.820492,-0.141200,BN1 1ND,Connector 2,0
43387,51.593811,-0.260343,NW9 0AS,Connector 1,0
43365,51.373508,-0.454710,KT13 8RT,Connector 1,0
33717,53.776806,-1.577501,LS11 8TU,Connector 1,2
33717,53.776806,-1.577501,LS11 8TU,Connector 2,0
33717,53.776806,-1.577501,LS11 8TU,Connector 3,0
33718,53.806709,-1.796230,BD9 6RJ,Connector 1,0
33718,53.806709,-1.796230,BD9 6RJ,Connector 2,1
24152,51.502300,-0.073500,SE1 2NE,Connector 1,0
24152,51.502300,-0.073500,SE1 2NE,Connector 2,0
24152,51.502300,-0.073500,SE1 2NE,Connector 3,0
24155,51.502300,-0.073500,SE1 2NE,Connector 1,0
24155,51.502300,-0.073500,SE1 2NE,Connector 2,0
24155,51.502300,-0.073500,SE1 2NE,Connector 3,0
10188,51.496807,-0.051017,SE16 2XU,Socket 1,0
10188,51.496807,-0.051017,SE16 2XU,Socket 2,0
10189,51.496758,-0.051044,SE16 2XU,Socket 1,0
10189,51.496758,-0.051044,SE16 2XU,Socket 2,1
10190,51.496819,-0.050988,SE16 2XU,Socket 1,0
10190,51.496819,-0.050988,SE16 2XU,Socket 2,1
10191,51.496834,-0.050954,SE16 2XU,Socket 1,1
10191,51.496834,-0.050954,SE16 2XU,Socket 2,0
10192,51.496864,-0.051052,SE16 2XU,Socket 1,0
10192,51.496864,-0.051052,SE16 2XU,Socket 2,1
10193,51.496880,-0.051024,SE16 2XU,Socket 1,0
10193,51.496880,-0.051024,SE16 2XU,Socket 2,0
10194,51.496899,-0.050992,SE16 2XU,Socket 1,0
10194,51.496899,-0.050992,SE16 2XU,Socket 2,1
10195,51.496910,-0.050958,SE16 2XU,Socket 1,0
10195,51.496910,-0.050958,SE16 2XU,Socket 2,0
24151,51.464188,-0.273987,SW14 7JU,Connector 1,2
24151,51.464188,-0.273987,SW14 7JU,Connector 2,1
24151,51.464188,-0.273987,SW14 7JU,Connector 3,2
24153,52.584824,-2.120926,WV1 3JN,Connector 1,0
24153,52.584824,-2.120926,WV1 3JN,Connector 2,0
24153,52.584824,-2.120926,WV1 3JN,Connector 3,0
24154,53.499649,-1.176540,DN4 9UX,Connector 1,2
24154,53.499649,-1.176540,DN4 9UX,Connector 2,2
24154,53.499649,-1.176540,DN4 9UX,Connector 3,2
24158,51.177601,-1.755500,SP4 7SQ,Connector 1,0
24158,51.177601,-1.755500,SP4 7SQ,Connector 2,0
24158,51.177601,-1.755500,SP4 7SQ,Connector 3,0
24159,51.464142,-0.269512,SW14 7PJ,Connector 1,1
24159,51.464142,-0.269512,SW14 7PJ,Connector 2,2
24159,51.464142,-0.269512,SW14 7PJ,Connector 3,2
24160,51.455776,-0.242908,SW15 5PN,Connector 1,1
24160,51.455776,-0.242908,SW15 5PN,Connector 2,2
24160,51.455776,-0.242908,SW15 5PN,Connector 3,2
24161,53.099701,-2.509100,CW5 6DQ,Connector 1,0
24161,53.099701,-2.509100,CW5 6DQ,Connector 2,2
24161,53.099701,-2.509100,CW5 6DQ,Connector 3,0
24162,51.427540,-0.897744,RG41 5DG,Connector 1,2
24162,51.427540,-0.897744,RG41 5DG,Connector 2,2
24162,51.427540,-0.897744,RG41 5DG,Connector 3,2
24163,51.612534,-0.120060,N13 4SB,Connector 1,2
24163,51.612534,-0.120060,N13 4SB,Connector 2,2
24163,51.612534,-0.120060,N13 4SB,Connector 3,2
24164,50.420898,-5.096600,TR7 1EW,Connector 1,1
24164,50.420898,-5.096600,TR7 1EW,Connector 2,2
24164,50.420898,-5.096600,TR7 1EW,Connector 3,2
24165,52.430820,-1.434920,CV2 2HP,Connector 1,0
24165,52.430820,-1.434920,CV2 2HP,Connector 2,0
24165,52.430820,-1.434920,CV2 2HP,Connector 3,0
24166,51.458138,0.043831,SE9 6JX,Connector 1,0
24166,51.458138,0.043831,SE9 6JX,Connector 2,0
24166,51.458138,0.043831,SE9 6JX,Connector 3,0
24167,51.583420,-0.227907,NW4 3JL,Connector 1,2
24167,51.583420,-0.227907,NW4 3JL,Connector 2,2
24167,51.583420,-0.227907,NW4 3JL,Connector 3,2
24168,52.147766,-2.242945,WR2 4TW,Connector 1,0
24168,52.147766,-2.242945,WR2 4TW,Connector 2,0
24168,52.147766,-2.242945,WR2 4TW,Connector 3,0
24169,51.316898,-0.363200,KT11 3QB,Connector 1,0
24169,51.316898,-0.363200,KT11 3QB,Connector 2,0
24169,51.316898,-0.363200,KT11 3QB,Connector 3,0
24170,51.390991,-0.320440,KT6 5QQ,Connector 1,0
24170,51.390991,-0.320440,KT6 5QQ,Connector 2,0
24170,51.390991,-0.320440,KT6 5QQ,Connector 3,0
24171,54.469799,-1.313400,TS15 0AR,Connector 1,0
24171,54.469799,-1.313400,TS15 0AR,Connector 2,0
24171,54.469799,-1.313400,TS15 0AR,Connector 3,0
24173,53.090355,-2.431975,CW2 6DN,Connector 1,0
24173,53.090355,-2.431975,CW2 6DN,Connector 2,0
24173,53.090355,-2.431975,CW2 6DN,Connector 3,0
24174,52.123970,-1.640760,CV37 8BU,Connector 1,1
24174,52.123970,-1.640760,CV37 8BU,Connector 2,2
24174,52.123970,-1.640760,CV37 8BU,Connector 3,2
24175,51.420914,-0.001315,BR1 4JX,Connector 1,2
24175,51.420914,-0.001315,BR1 4JX,Connector 2,2
24175,51.420914,-0.001315,BR1 4JX,Connector 3,2
24176,51.390953,-0.320403,KT6 5QQ,Connector 1,2
24176,51.390953,-0.320403,KT6 5QQ,Connector 2,2
24176,51.390953,-0.320403,KT6 5QQ,Connector 3,2
10104,53.471424,-2.240198,M15 6BH,Socket 1,0
10104,53.471424,-2.240198,M15 6BH,Socket 2,0
10153,53.216343,-0.601705,LN6 0JE,Socket 1,0
10153,53.216343,-0.601705,LN6 0JE,Socket 2,2
24178,51.459599,-0.243064,SW15 5NL,Connector 1,0
24178,51.459599,-0.243064,SW15 5NL,Connector 2,0
24178,51.459599,-0.243064,SW15 5NL,Connector 3,0
24179,51.371780,-0.226977,SM3 8HW,Connector 1,2
24179,51.371780,-0.226977,SM3 8HW,Connector 2,2
24179,51.371780,-0.226977,SM3 8HW,Connector 3,2
24180,51.526699,-0.082300,EC1V 9LN,Connector 1,1
24180,51.526699,-0.082300,EC1V 9LN,Connector 2,2
24180,51.526699,-0.082300,EC1V 9LN,Connector 3,2
24181,52.910999,-1.298200,NG10 4EP,Connector 1,0
24181,52.910999,-1.298200,NG10 4EP,Connector 2,0
24181,52.910999,-1.298200,NG10 4EP,Connector 3,0
24182,51.962524,-0.229212,SG6 3NP,Connector 1,0
24182,51.962524,-0.229212,SG6 3NP,Connector 2,0
24182,51.962524,-0.229212,SG6 3NP,Connector 3,0
24183,50.831993,-1.624492,SO42 7QB,Connector 1,0
24183,50.831993,-1.624492,SO42 7QB,Connector 2,0
24183,50.831993,-1.624492,SO42 7QB,Connector 3,0
24184,52.918751,-1.301521,NG10 5NJ,Connector 1,0
24184,52.918751,-1.301521,NG10 5NJ,Connector 2,0
24184,52.918751,-1.301521,NG10 5NJ,Connector 3,0
24185,51.400551,-0.196059,SM4 4QL,Connector 1,1
24185,51.400551,-0.196059,SM4 4QL,Connector 2,2
24185,51.400551,-0.196059,SM4 4QL,Connector 3,2
24186,51.437786,-0.252305,SW15 3RX,Connector 1,1
24186,51.437786,-0.252305,SW15 3RX,Connector 2,2
24186,51.437786,-0.252305,SW15 3RX,Connector 3,2
24188,50.971401,-1.368690,SO50 9PG,Connector 1,0
24188,50.971401,-1.368690,SO50 9PG,Connector 2,0
24188,50.971401,-1.368690,SO50 9PG,Connector 3,0
24190,51.395332,-0.201180,SM4 4QL,Connector 1,0
24190,51.395332,-0.201180,SM4 4QL,Connector 2,0
24190,51.395332,-0.201180,SM4 4QL,Connector 3,0
24191,51.864101,-2.194600,GL4 3RX,Connector 1,2
24191,51.864101,-2.194600,GL4 3RX,Connector 2,2
24191,51.864101,-2.194600,GL4 3RX,Connector 3,2
24192,51.585354,-0.229680,NW4 3AQ,Connector 1,0
24192,51.585354,-0.229680,NW4 3AQ,Connector 2,0
24192,51.585354,-0.229680,NW4 3AQ,Connector 3,0
24193,52.128620,-2.300399,WR14 1GD,Connector 1,0
24193,52.128620,-2.300399,WR14 1GD,Connector 2,0
24193,52.128620,-2.300399,WR14 1GD,Connector 3,0
24194,52.979797,-1.145948,NG5 4AA,Connector 1,0
24194,52.979797,-1.145948,NG5 4AA,Connector 2,0
24194,52.979797,-1.145948,NG5 4AA,Connector 3,0
24196,51.273998,-0.754700,GU14 6AZ,Connector 1,0
24196,51.273998,-0.754700,GU14 6AZ,Connector 2,0
24196,51.273998,-0.754700,GU14 6AZ,Connector 3,0
24197,51.434498,0.064969,SE9 3SA,Connector 1,0
24197,51.434498,0.064969,SE9 3SA,Connector 2,0
24197,51.434498,0.064969,SE9 3SA,Connector 3,0
24198,50.899399,-1.409900,SO15 1HJ,Connector 1,0
24198,50.899399,-1.409900,SO15 1HJ,Connector 2,0
24198,50.899399,-1.409900,SO15 1HJ,Connector 3,0
24199,51.589249,0.288655,CM13 3JP,Connector 1,0
24199,51.589249,0.288655,CM13 3JP,Connector 2,0
24199,51.589249,0.288655,CM13 3JP,Connector 3,0
4930,52.059170,-0.820358,MK12 5GH,Socket 1,0
4930,52.059170,-0.820358,MK12 5GH,Socket 2,0
10259,52.141701,-0.708682,MK46 5DL,Socket 1,0
10259,52.141701,-0.708682,MK46 5DL,Socket 2,0
10260,52.141644,-0.708692,MK46 5DL,Socket 1,0
10260,52.141644,-0.708692,MK46 5DL,Socket 2,0
10270,51.380054,-0.183203,SM5 1AA,Socket 1,0
10270,51.380054,-0.183203,SM5 1AA,Socket 2,1
10271,51.380474,-0.184104,SM5 1AA,Socket 1,0
10271,51.380474,-0.184104,SM5 1AA,Socket 2,1
10278,51.654999,-0.392859,WD17 2UB,Socket 1,0
10278,51.654999,-0.392859,WD17 2UB,Socket 2,0
554,51.334400,-0.267100,KT19 8AG,Socket 1,1
554,51.334400,-0.267100,KT19 8AG,Socket 2,0
10292,52.372658,-1.796124,B90 8AB,Socket 1,0
10292,52.372658,-1.796124,B90 8AB,Socket 2,0
10293,52.372498,-1.796214,B90 8AB,Socket 1,0
10293,52.372498,-1.796214,B90 8AB,Socket 2,0
10294,52.372604,-1.796163,B90 8AB,Socket 1,0
10294,52.372604,-1.796163,B90 8AB,Socket 2,0
10295,51.510048,-0.606792,SL1 2QG,Socket 1,0
10295,51.510048,-0.606792,SL1 2QG,Socket 2,0
43366,51.509472,-0.144870,W1J 6ES,Connector 1,0
43367,51.509472,-0.144870,W1J 6ES,Connector 1,2
43368,51.521141,-0.150947,W1G 7AB,Connector 1,1
43369,51.521130,-0.151084,W1G 7AB,Connector 1,1
43370,51.523739,-0.192290,W9 2HF,Connector 1,0
43371,51.523739,-0.192290,W9 2HF,Connector 1,0
43372,51.494862,-0.138170,SW1P 1QL,Connector 1,1
43373,51.494862,-0.138170,SW1P 1QL,Connector 1,2
43374,51.507729,-0.134570,SW1Y 4PD,Connector 1,1
43375,51.507729,-0.134570,SW1Y 4PD,Connector 1,1
43376,51.507729,-0.134570,SW1Y 4PD,Connector 1,0
43377,51.507729,-0.134570,SW1Y 4PD,Connector 1,0
43378,51.518070,-0.191450,W2 5QD,Connector 1,0
43379,51.518070,-0.191450,W2 5QD,Connector 1,0
43381,51.514488,-0.165160,W2 2AY,Connector 1,2
10317,51.499554,-0.535804,SL3 8BA,Socket 1,0
10317,51.499554,-0.535804,SL3 8BA,Socket 2,0
10318,51.881779,-0.420000,LU1 1RN,Socket 1,0
10318,51.881779,-0.420000,LU1 1RN,Socket 2,0
10319,51.499588,-0.535717,SL3 8BA,Socket 1,1
10319,51.499588,-0.535717,SL3 8BA,Socket 2,0
10321,51.877071,-0.405623,LU1 3HY,Socket 1,2
10321,51.877071,-0.405623,LU1 3HY,Socket 2,2
10322,51.879890,-0.421396,LU1 1JD,Socket 1,1
10322,51.879890,-0.421396,LU1 1JD,Socket 2,0
24331,52.040562,-2.686172,HR2 6FG,Connector 1,0
24331,52.040562,-2.686172,HR2 6FG,Connector 2,0
24331,52.040562,-2.686172,HR2 6FG,Connector 3,0
24332,52.312698,-1.579600,CV35 7QT,Connector 1,1
24332,52.312698,-1.579600,CV35 7QT,Connector 2,2
24332,52.312698,-1.579600,CV35 7QT,Connector 3,2
24333,51.510475,-0.126729,WC2N 4HX,Connector 1,0
24333,51.510475,-0.126729,WC2N 4HX,Connector 2,0
24333,51.510475,-0.126729,WC2N 4HX,Connector 3,0
24334,51.510456,-0.126727,WC2N 4HX,Connector 1,0
24334,51.510456,-0.126727,WC2N 4HX,Connector 2,0
24334,51.510456,-0.126727,WC2N 4HX,Connector 3,0
24336,51.604084,-2.921410,NP18 2LX,Connector 1,0
24336,51.604084,-2.921410,NP18 2LX,Connector 2,0
24336,51.604084,-2.921410,NP18 2LX,Connector 3,0
24337,51.479416,-0.425720,TW6 2AL,Connector 1,0
24337,51.479416,-0.425720,TW6 2AL,Connector 2,0
24337,51.479416,-0.425720,TW6 2AL,Connector 3,0
24338,52.148701,-1.902800,WR11 8UT,Connector 1,0
24338,52.148701,-1.902800,WR11 8UT,Connector 2,0
24338,52.148701,-1.902800,WR11 8UT,Connector 3,0
24339,53.863869,-3.012015,FY5 3FT,Connector 1,0
24339,53.863869,-3.012015,FY5 3FT,Connector 2,0
24339,53.863869,-3.012015,FY5 3FT,Connector 3,0
24340,51.801601,-0.822400,HP21 8TJ,Connector 1,2
24340,51.801601,-0.822400,HP21 8TJ,Connector 2,2
24340,51.801601,-0.822400,HP21 8TJ,Connector 3,2
24341,55.771900,-2.784800,TD2 6RA,Connector 1,0
24341,55.771900,-2.784800,TD2 6RA,Connector 2,0
24341,55.771900,-2.784800,TD2 6RA,Connector 3,0
24342,52.928307,-1.165124,NG2 1AP,Connector 1,2
24342,52.928307,-1.165124,NG2 1AP,Connector 2,2
24342,52.928307,-1.165124,NG2 1AP,Connector 3,2
24343,55.498299,-4.564900,KA9 2SP,Connector 1,2
24343,55.498299,-4.564900,KA9 2SP,Connector 2,2
24343,55.498299,-4.564900,KA9 2SP,Connector 3,2
24344,52.512611,-3.975705,SY20 8PN,Connector 1,0
24344,52.512611,-3.975705,SY20 8PN,Connector 2,0
24344,52.512611,-3.975705,SY20 8PN,Connector 3,0
24345,52.193562,-1.700657,CV37 6YR,Connector 1,0
24345,52.193562,-1.700657,CV37 6YR,Connector 2,0
24345,52.193562,-1.700657,CV37 6YR,Connector 3,0
24346,52.945900,-1.122300,NG2 4EL,Connector 1,2
24346,52.945900,-1.122300,NG2 4EL,Connector 2,2
24346,52.945900,-1.122300,NG2 4EL,Connector 3,2
24347,52.945877,-1.122301,NG2 4EL,Connector 1,2
24347,52.945877,-1.122301,NG2 4EL,Connector 2,2
24347,52.945877,-1.122301,NG2 4EL,Connector 3,2
24348,52.133732,-0.465796,MK42 0AU,Connector 1,1
24348,52.133732,-0.465796,MK42 0AU,Connector 2,2
24348,52.133732,-0.465796,MK42 0AU,Connector 3,2
24349,51.729591,0.478340,CM2 7PJ,Connector 1,2
24349,51.729591,0.478340,CM2 7PJ,Connector 2,2
24349,51.729591,0.478340,CM2 7PJ,Connector 3,2
24351,51.735760,0.464825,CM1 1TD,Connector 1,0
24351,51.735760,0.464825,CM1 1TD,Connector 2,0
24351,51.735760,0.464825,CM1 1TD,Connector 3,0
24352,51.476856,-0.123267,SW8 1XW,Connector 1,2
24352,51.476856,-0.123267,SW8 1XW,Connector 2,2
24352,51.476856,-0.123267,SW8 1XW,Connector 3,2
24355,52.916599,-1.477700,DE1 2JW,Connector 1,2
24355,52.916599,-1.477700,DE1 2JW,Connector 2,2
24355,52.916599,-1.477700,DE1 2JW,Connector 3,2
24357,51.880005,-1.365153,OX20 1EJ,Connector 1,0
24357,51.880005,-1.365153,OX20 1EJ,Connector 2,0
24357,51.880005,-1.365153,OX20 1EJ,Connector 3,0
24358,53.237389,-1.430210,S40 1NU,Connector 1,0
24358,53.237389,-1.430210,S40 1NU,Connector 2,0
24358,53.237389,-1.430210,S40 1NU,Connector 3,0
24359,51.033669,-4.211445,EX39 3QB,Connector 1,0
24359,51.033669,-4.211445,EX39 3QB,Connector 2,0
24359,51.033669,-4.211445,EX39 3QB,Connector 3,0
24360,53.130402,0.338478,PE25 3AB,Connector 1,0
24360,53.130402,0.338478,PE25 3AB,Connector 2,0
24360,53.130402,0.338478,PE25 3AB,Connector 3,0
24361,53.155914,0.348223,PE25 1DN,Connector 1,0
24361,53.155914,0.348223,PE25 1DN,Connector 2,0
24361,53.155914,0.348223,PE25 1DN,Connector 3,0
24362,50.884300,-2.956900,TA20 1FF,Connector 1,0
24362,50.884300,-2.956900,TA20 1FF,Connector 2,0
24362,50.884300,-2.956900,TA20 1FF,Connector 3,0
24363,51.008183,-1.342844,SO21 2EE,Connector 1,1
24363,51.008183,-1.342844,SO21 2EE,Connector 2,2
24363,51.008183,-1.342844,SO21 2EE,Connector 3,2
24364,53.181515,-3.117729,CH7 6RG,Connector 1,1
24364,53.181515,-3.117729,CH7 6RG,Connector 2,2
24364,53.181515,-3.117729,CH7 6RG,Connector 3,2
24365,52.564983,-0.287450,PE3 6SG,Connector 1,0
24365,52.564983,-0.287450,PE3 6SG,Connector 2,0
24365,52.564983,-0.287450,PE3 6SG,Connector 3,0
24367,50.851810,-0.848356,PO18 8DL,Connector 1,0
24367,50.851810,-0.848356,PO18 8DL,Connector 2,0
24367,50.851810,-0.848356,PO18 8DL,Connector 3,0
24369,56.136765,-3.925249,FK9 5EG,Connector 1,0
24369,56.136765,-3.925249,FK9 5EG,Connector 2,0
24369,56.136765,-3.925249,FK9 5EG,Connector 3,0
24370,52.949100,-1.144100,NG1 7HG,Connector 1,0
24370,52.949100,-1.144100,NG1 7HG,Connector 2,0
24370,52.949100,-1.144100,NG1 7HG,Connector 3,0
24371,53.322102,-0.944700,DN22 6DG,Connector 1,0
24371,53.322102,-0.944700,DN22 6DG,Connector 2,0
24371,53.322102,-0.944700,DN22 6DG,Connector 3,0
24372,52.500301,-2.151000,DY6 8BS,Connector 1,0
24372,52.500301,-2.151000,DY6 8BS,Connector 2,0
24372,52.500301,-2.151000,DY6 8BS,Connector 3,0
24374,51.113800,-0.170500,RH10 1UA,Connector 1,0
24374,51.113800,-0.170500,RH10 1UA,Connector 2,0
24374,51.113800,-0.170500,RH10 1UA,Connector 3,0
24376,53.001518,-1.195704,NG6 8FB,Connector 1,0
24376,53.001518,-1.195704,NG6 8FB,Connector 2,0
24376,53.001518,-1.195704,NG6 8FB,Connector 3,0
24377,51.579281,-0.124801,N8 8HD,Connector 1,2
24377,51.579281,-0.124801,N8 8HD,Connector 2,2
24377,51.579281,-0.124801,N8 8HD,Connector 3,2
24382,53.233624,-0.557418,LN1 1RU,Connector 1,0
24382,53.233624,-0.557418,LN1 1RU,Connector 2,0
24382,53.233624,-0.557418,LN1 1RU,Connector 3,0
24379,51.563713,-0.104818,N4 2DN,Connector 1,0
24379,51.563713,-0.104818,N4 2DN,Connector 2,0
24379,51.563713,-0.104818,N4 2DN,Connector 3,0
24380,52.984985,-1.119750,NG3 6AE,Connector 1,0
24380,52.984985,-1.119750,NG3 6AE,Connector 2,0
24380,52.984985,-1.119750,NG3 6AE,Connector 3,0
24381,53.001125,-1.198645,NG6 8LU,Connector 1,0
24381,53.001125,-1.198645,NG6 8LU,Connector 2,2
24381,53.001125,-1.198645,NG6 8LU,Connector 3,2
24383,53.028984,0.100265,PE22 9JT,Connector 1,0
24383,53.028984,0.100265,PE22 9JT,Connector 2,0
24383,53.028984,0.100265,PE22 9JT,Connector 3,0
24384,53.152103,-2.348177,CW11 4SP,Connector 1,0
24384,53.152103,-2.348177,CW11 4SP,Connector 2,0
24384,53.152103,-2.348177,CW11 4SP,Connector 3,0
24385,53.151775,-2.348542,CW11 4SP,Connector 1,0
24385,53.151775,-2.348542,CW11 4SP,Connector 2,0
24385,53.151775,-2.348542,CW11 4SP,Connector 3,0
24386,52.945847,-1.122307,NG2 4EL,Connector 1,2
24386,52.945847,-1.122307,NG2 4EL,Connector 2,2
24386,52.945847,-1.122307,NG2 4EL,Connector 3,2
24387,53.752693,-2.366039,BB5 1LY,Connector 1,0
24387,53.752693,-2.366039,BB5 1LY,Connector 2,0
24387,53.752693,-2.366039,BB5 1LY,Connector 3,0
24390,51.581799,-0.227064,NW4 3LH,Connector 1,2
24390,51.581799,-0.227064,NW4 3LH,Connector 2,1
24390,51.581799,-0.227064,NW4 3LH,Connector 3,2
24391,53.820751,-2.406547,BB7 9SP,Connector 1,0
24391,53.820751,-2.406547,BB7 9SP,Connector 2,0
24391,53.820751,-2.406547,BB7 9SP,Connector 3,0
24392,53.650822,-2.631524,PR7 2SL,Connector 1,0
24392,53.650822,-2.631524,PR7 2SL,Connector 2,0
24392,53.650822,-2.631524,PR7 2SL,Connector 3,0
24394,52.949108,-1.144100,NG1 7HG,Connector 1,2
24394,52.949108,-1.144100,NG1 7HG,Connector 2,2
24394,52.949108,-1.144100,NG1 7HG,Connector 3,2
24395,52.959148,-1.147040,NG3 1DJ,Connector 1,0
24395,52.959148,-1.147040,NG3 1DJ,Connector 2,0
24395,52.959148,-1.147040,NG3 1DJ,Connector 3,0
24396,51.482658,-0.624621,SL4 5FW,Connector 1,0
24396,51.482658,-0.624621,SL4 5FW,Connector 2,0
24396,51.482658,-0.624621,SL4 5FW,Connector 3,0
24397,51.582024,-0.226684,NW4 3NH,Connector 1,0
24397,51.582024,-0.226684,NW4 3NH,Connector 2,0
24397,51.582024,-0.226684,NW4 3NH,Connector 3,0
24398,51.494835,-0.549833,SL3 7HX,Connector 1,2
24398,51.494835,-0.549833,SL3 7HX,Connector 2,2
24398,51.494835,-0.549833,SL3 7HX,Connector 3,2
24399,52.955254,-1.153782,NG1 5RH,Connector 1,2
24399,52.955254,-1.153782,NG1 5RH,Connector 2,2
24399,52.955254,-1.153782,NG1 5RH,Connector 3,1
24401,51.672340,-1.278497,OX14 3HL,Connector 1,1
24401,51.672340,-1.278497,OX14 3HL,Connector 2,2
24401,51.672340,-1.278497,OX14 3HL,Connector 3,2
24402,50.894939,-1.317844,SO31 8DW,Connector 1,0
24402,50.894939,-1.317844,SO31 8DW,Connector 2,0
24402,50.894939,-1.317844,SO31 8DW,Connector 3,0
24403,50.738400,-1.986300,BH15 3EH,Connector 1,1
24403,50.738400,-1.986300,BH15 3EH,Connector 2,2
24403,50.738400,-1.986300,BH15 3EH,Connector 3,2
24405,51.421310,-0.001780,BR1 4JX,Connector 1,2
24405,51.421310,-0.001780,BR1 4JX,Connector 2,1
24405,51.421310,-0.001780,BR1 4JX,Connector 3,2
24406,51.376366,-0.222026,SM3 9BY,Connector 1,1
24406,51.376366,-0.222026,SM3 9BY,Connector 2,2
24406,51.376366,-0.222026,SM3 9BY,Connector 3,2
24407,50.367508,-4.141343,PL1 2HJ,Connector 1,0
24407,50.367508,-4.141343,PL1 2HJ,Connector 2,0
24407,50.367508,-4.141343,PL1 2HJ,Connector 3,0
24408,51.360031,-0.194116,SM1 1BT,Connector 1,1
24408,51.360031,-0.194116,SM1 1BT,Connector 2,2
24408,51.360031,-0.194116,SM1 1BT,Connector 3,2
24409,52.993801,-0.758900,NG23 5DJ,Connector 1,0
24409,52.993801,-0.758900,NG23 5DJ,Connector 2,0
24409,52.993801,-0.758900,NG23 5DJ,Connector 3,0
24411,53.414330,-0.784768,DN21 3AA,Connector 1,2
24411,53.414330,-0.784768,DN21 3AA,Connector 2,2
24411,53.414330,-0.784768,DN21 3AA,Connector 3,2
24412,53.072239,-0.812972,NG24 4BQ,Connector 1,0
24412,53.072239,-0.812972,NG24 4BQ,Connector 2,0
24412,53.072239,-0.812972,NG24 4BQ,Connector 3,0
24413,52.974998,-1.406500,DE7 6DG,Connector 1,0
24413,52.974998,-1.406500,DE7 6DG,Connector 2,0
24413,52.974998,-1.406500,DE7 6DG,Connector 3,0
24414,53.262024,0.182084,LN13 9EG,Connector 1,0
24414,53.262024,0.182084,LN13 9EG,Connector 2,0
24414,53.262024,0.182084,LN13 9EG,Connector 3,0
24415,51.568802,-0.776793,SL7 2AE,Connector 1,0
24415,51.568802,-0.776793,SL7 2AE,Connector 2,2
24415,51.568802,-0.776793,SL7 2AE,Connector 3,2
24448,51.446075,0.215636,DA1 2AU,Connector 1,2
24448,51.446075,0.215636,DA1 2AU,Connector 2,2
24448,51.446075,0.215636,DA1 2AU,Connector 3,2
24456,52.791161,-1.669289,DE14 2WN,Connector 1,2
24456,52.791161,-1.669289,DE14 2WN,Connector 2,2
24456,52.791161,-1.669289,DE14 2WN,Connector 3,1
24457,53.835400,-2.217400,BB9 7EJ,Connector 1,0
24457,53.835400,-2.217400,BB9 7EJ,Connector 2,0
24457,53.835400,-2.217400,BB9 7EJ,Connector 3,0
24458,51.398998,-1.219400,RG7 5UP,Connector 1,0
24458,51.398998,-1.219400,RG7 5UP,Connector 2,0
24458,51.398998,-1.219400,RG7 5UP,Connector 3,0
24459,54.895653,-2.897764,CA1 2SB,Connector 1,1
24459,54.895653,-2.897764,CA1 2SB,Connector 2,2
24459,54.895653,-2.897764,CA1 2SB,Connector 3,2
24460,53.550182,-2.806867,WN8 8JX,Connector 1,0
24460,53.550182,-2.806867,WN8 8JX,Connector 2,0
24460,53.550182,-2.806867,WN8 8JX,Connector 3,0
24461,53.550201,-2.806906,WN8 8JX,Connector 1,0
24461,53.550201,-2.806906,WN8 8JX,Connector 2,0
24461,53.550201,-2.806906,WN8 8JX,Connector 3,0
24462,52.417850,-4.064632,SY23 3FL,Connector 1,0
24462,52.417850,-4.064632,SY23 3FL,Connector 2,0
24462,52.417850,-4.064632,SY23 3FL,Connector 3,0
24463,52.241638,-3.376860,LD1 5BD,Connector 1,0
24463,52.241638,-3.376860,LD1 5BD,Connector 2,0
24463,52.241638,-3.376860,LD1 5BD,Connector 3,0
24464,52.585419,-2.133674,WV1 4JW,Connector 1,2
24464,52.585419,-2.133674,WV1 4JW,Connector 2,2
24464,52.585419,-2.133674,WV1 4JW,Connector 3,2
24465,52.583801,-2.138800,WV3 0QT,Connector 1,0
24465,52.583801,-2.138800,WV3 0QT,Connector 2,0
24465,52.583801,-2.138800,WV3 0QT,Connector 3,0
24466,52.586426,-2.125539,WV1 1HW,Connector 1,0
24466,52.586426,-2.125539,WV1 1HW,Connector 2,0
24466,52.586426,-2.125539,WV1 1HW,Connector 3,0
24467,52.592918,-2.126730,WV1 1RN,Connector 1,0
24467,52.592918,-2.126730,WV1 1RN,Connector 2,0
24467,52.592918,-2.126730,WV1 1RN,Connector 3,0
24468,52.509853,-1.797901,B35 7AF,Connector 1,0
24468,52.509853,-1.797901,B35 7AF,Connector 2,0
24468,52.509853,-1.797901,B35 7AF,Connector 3,0
24469,51.900398,-4.970600,SA62 5LZ,Connector 1,0
24469,51.900398,-4.970600,SA62 5LZ,Connector 2,0
24469,51.900398,-4.970600,SA62 5LZ,Connector 3,0
24470,50.148300,-5.074100,TR11 4QN,Connector 1,0
24470,50.148300,-5.074100,TR11 4QN,Connector 2,0
24470,50.148300,-5.074100,TR11 4QN,Connector 3,0
24472,52.946529,-1.123030,NG2 4DJ,Connector 1,2
24472,52.946529,-1.123030,NG2 4DJ,Connector 2,2
24472,52.946529,-1.123030,NG2 4DJ,Connector 3,2
24475,53.651627,-3.006322,PR9 0DZ,Connector 1,0
24475,53.651627,-3.006322,PR9 0DZ,Connector 2,0
24475,53.651627,-3.006322,PR9 0DZ,Connector 3,0
24476,52.904301,-1.176500,NG11 8AB,Connector 1,0
24476,52.904301,-1.176500,NG11 8AB,Connector 2,0
24476,52.904301,-1.176500,NG11 8AB,Connector 3,0
24477,51.579330,-0.124831,N8 8HD,Connector 1,2
24477,51.579330,-0.124831,N8 8HD,Connector 2,2
24477,51.579330,-0.124831,N8 8HD,Connector 3,2
24479,52.945812,-1.122310,NG2 4EL,Connector 1,2
24479,52.945812,-1.122310,NG2 4EL,Connector 2,2
24479,52.945812,-1.122310,NG2 4EL,Connector 3,2
24480,51.574001,-0.141480,N6 5AX,Connector 1,1
24480,51.574001,-0.141480,N6 5AX,Connector 2,2
24480,51.574001,-0.141480,N6 5AX,Connector 3,2
24481,52.917522,-1.263898,NG9 7JB,Connector 1,0
24481,52.917522,-1.263898,NG9 7JB,Connector 2,0
24481,52.917522,-1.263898,NG9 7JB,Connector 3,0
24482,51.157799,0.879426,TN24 8QQ,Connector 1,0
24482,51.157799,0.879426,TN24 8QQ,Connector 2,0
24482,51.157799,0.879426,TN24 8QQ,Connector 3,0
24484,52.616272,1.193483,NR9 3AD,Connector 1,0
24484,52.616272,1.193483,NR9 3AD,Connector 2,0
24484,52.616272,1.193483,NR9 3AD,Connector 3,0
24485,55.005173,-3.065013,DG16 5EA,Connector 1,1
24485,55.005173,-3.065013,DG16 5EA,Connector 2,2
24485,55.005173,-3.065013,DG16 5EA,Connector 3,2
24487,50.792900,-1.104700,PO1 2LA,Connector 1,1
24487,50.792900,-1.104700,PO1 2LA,Connector 2,2
24487,50.792900,-1.104700,PO1 2LA,Connector 3,2
24488,51.560600,-3.036100,NP10 8BB,Connector 1,0
24488,51.560600,-3.036100,NP10 8BB,Connector 2,0
24488,51.560600,-3.036100,NP10 8BB,Connector 3,0
24491,51.371315,-0.209089,SM1 2UE,Connector 1,2
24491,51.371315,-0.209089,SM1 2UE,Connector 2,1
24491,51.371315,-0.209089,SM1 2UE,Connector 3,2
24492,51.448597,-2.570181,BS2 0SW,Connector 1,0
24492,51.448597,-2.570181,BS2 0SW,Connector 2,0
24492,51.448597,-2.570181,BS2 0SW,Connector 3,0
24493,53.048576,-2.192185,ST6 1AW,Connector 1,0
24493,53.048576,-2.192185,ST6 1AW,Connector 2,0
24493,53.048576,-2.192185,ST6 1AW,Connector 3,0
24494,53.761604,-2.701257,PR1 2HS,Connector 1,0
24494,53.761604,-2.701257,PR1 2HS,Connector 2,0
24494,53.761604,-2.701257,PR1 2HS,Connector 3,0
24495,50.875622,-1.268603,SO31 1AZ,Connector 1,0
24495,50.875622,-1.268603,SO31 1AZ,Connector 2,0
24495,50.875622,-1.268603,SO31 1AZ,Connector 3,2
24496,51.141499,0.902700,TN24 0QQ,Connector 1,0
24496,51.141499,0.902700,TN24 0QQ,Connector 2,0
24496,51.141499,0.902700,TN24 0QQ,Connector 3,0
24497,54.070492,-2.772259,LA1 3SW,Connector 1,0
24497,54.070492,-2.772259,LA1 3SW,Connector 2,0
24497,54.070492,-2.772259,LA1 3SW,Connector 3,0
24498,53.477402,-2.634100,WA12 0JG,Connector 1,0
24498,53.477402,-2.634100,WA12 0JG,Connector 2,0
24498,53.477402,-2.634100,WA12 0JG,Connector 3,0
24499,56.190796,-3.953145,FK15 0HG,Connector 1,0
24499,56.190796,-3.953145,FK15 0HG,Connector 2,0
24499,56.190796,-3.953145,FK15 0HG,Connector 3,0
24500,54.070431,-2.772256,LA1 3SW,Connector 1,0
24500,54.070431,-2.772256,LA1 3SW,Connector 2,0
24500,54.070431,-2.772256,LA1 3SW,Connector 3,0
24201,51.421398,-0.971200,RG2 0SL,Connector 1,0
24201,51.421398,-0.971200,RG2 0SL,Connector 2,0
24201,51.421398,-0.971200,RG2 0SL,Connector 3,0
24202,51.465801,-3.162500,CF10 4PH,Connector 1,0
24202,51.465801,-3.162500,CF10 4PH,Connector 2,0
24202,51.465801,-3.162500,CF10 4PH,Connector 3,0
24203,51.529587,-0.294622,W5 1HG,Connector 1,0
24203,51.529587,-0.294622,W5 1HG,Connector 2,0
24203,51.529587,-0.294622,W5 1HG,Connector 3,0
24252,52.935501,-1.189300,NG7 2QH,Connector 1,0
24252,52.935501,-1.189300,NG7 2QH,Connector 2,0
24252,52.935501,-1.189300,NG7 2QH,Connector 3,0
24253,51.445683,-0.399848,TW13 5DL,Connector 1,0
24253,51.445683,-0.399848,TW13 5DL,Connector 2,0
24253,51.445683,-0.399848,TW13 5DL,Connector 3,0
24254,52.463799,-1.714331,B40 1QA,Connector 1,2
24254,52.463799,-1.714331,B40 1QA,Connector 2,2
24254,52.463799,-1.714331,B40 1QA,Connector 3,2
24255,55.932598,-3.384800,EH28 8LX,Connector 1,0
24255,55.932598,-3.384800,EH28 8LX,Connector 2,0
24255,55.932598,-3.384800,EH28 8LX,Connector 3,0
24256,53.500999,-2.386400,M28 2YA,Connector 1,0
24256,53.500999,-2.386400,M28 2YA,Connector 2,0
24256,53.500999,-2.386400,M28 2YA,Connector 3,0
24257,52.055244,-0.697868,MK16 0AA,Connector 1,0
24257,52.055244,-0.697868,MK16 0AA,Connector 2,0
24257,52.055244,-0.697868,MK16 0AA,Connector 3,0
24260,50.422401,-4.213300,PL12 6LJ,Connector 1,0
24260,50.422401,-4.213300,PL12 6LJ,Connector 2,0
24260,50.422401,-4.213300,PL12 6LJ,Connector 3,0
24261,50.806728,-2.003789,BH21 4DT,Connector 1,0
24261,50.806728,-2.003789,BH21 4DT,Connector 2,0
24261,50.806728,-2.003789,BH21 4DT,Connector 3,0
24262,52.351669,-1.148878,NN6 7XR,Connector 1,0
24262,52.351669,-1.148878,NN6 7XR,Connector 2,0
24262,52.351669,-1.148878,NN6 7XR,Connector 3,0
24263,52.055241,-0.697816,MK16 0AA,Connector 1,0
24263,52.055241,-0.697816,MK16 0AA,Connector 2,0
24263,52.055241,-0.697816,MK16 0AA,Connector 3,0
24264,51.561760,-0.108480,N7 7JR,Connector 1,0
24264,51.561760,-0.108480,N7 7JR,Connector 2,0
24264,51.561760,-0.108480,N7 7JR,Connector 3,0
24265,53.347557,-2.879411,L24 8QD,Connector 1,0
24265,53.347557,-2.879411,L24 8QD,Connector 2,0
24265,53.347557,-2.879411,L24 8QD,Connector 3,0
24266,52.055218,-0.697770,MK16 0AA,Connector 1,2
24266,52.055218,-0.697770,MK16 0AA,Connector 2,1
24266,52.055218,-0.697770,MK16 0AA,Connector 3,2
24267,52.449501,-1.820200,B27 6DX,Connector 1,0
24267,52.449501,-1.820200,B27 6DX,Connector 2,0
24267,52.449501,-1.820200,B27 6DX,Connector 3,0
24268,52.235199,-1.046600,NN7 4LP,Connector 1,0
24268,52.235199,-1.046600,NN7 4LP,Connector 2,0
24268,52.235199,-1.046600,NN7 4LP,Connector 3,0
24269,51.555599,-0.285000,HA9 8DS,Connector 1,0
24269,51.555599,-0.285000,HA9 8DS,Connector 2,0
24269,51.555599,-0.285000,HA9 8DS,Connector 3,0
24270,53.987202,-1.030000,YO32 9TG,Connector 1,0
24270,53.987202,-1.030000,YO32 9TG,Connector 2,0
24270,53.987202,-1.030000,YO32 9TG,Connector 3,0
24273,53.225899,-0.551300,LN6 7DB,Connector 1,0
24273,53.225899,-0.551300,LN6 7DB,Connector 2,0
24273,53.225899,-0.551300,LN6 7DB,Connector 3,0
24274,52.055195,-0.697696,MK16 0AA,Connector 1,0
24274,52.055195,-0.697696,MK16 0AA,Connector 2,0
24274,52.055195,-0.697696,MK16 0AA,Connector 3,0
24275,53.474911,-2.953500,L9 5AS,Connector 1,0
24275,53.474911,-2.953500,L9 5AS,Connector 2,0
24275,53.474911,-2.953500,L9 5AS,Connector 3,0
24276,51.365673,-0.159615,SM5 3BB,Connector 1,2
24276,51.365673,-0.159615,SM5 3BB,Connector 2,2
24276,51.365673,-0.159615,SM5 3BB,Connector 3,2
24277,50.732201,-1.213400,PO33 4EU,Connector 1,0
24277,50.732201,-1.213400,PO33 4EU,Connector 2,1
24277,50.732201,-1.213400,PO33 4EU,Connector 3,0
24280,51.851822,1.170508,CO16 0JD,Connector 1,2
24280,51.851822,1.170508,CO16 0JD,Connector 2,2
24280,51.851822,1.170508,CO16 0JD,Connector 3,2
24282,52.055164,-0.697664,MK16 0AA,Connector 1,0
24282,52.055164,-0.697664,MK16 0AA,Connector 2,0
24282,52.055164,-0.697664,MK16 0AA,Connector 3,0
24283,51.324100,-1.226200,RG26 5RT,Connector 1,0
24283,51.324100,-1.226200,RG26 5RT,Connector 2,0
24283,51.324100,-1.226200,RG26 5RT,Connector 3,0
24284,54.131310,-0.789753,YO17 9AQ,Connector 1,0
24284,54.131310,-0.789753,YO17 9AQ,Connector 2,0
24284,54.131310,-0.789753,YO17 9AQ,Connector 3,0
24286,52.055119,-0.697757,MK16 0AA,Connector 1,0
24286,52.055119,-0.697757,MK16 0AA,Connector 2,0
24286,52.055119,-0.697757,MK16 0AA,Connector 3,0
24287,51.430439,-0.014853,SE6 2TE,Connector 1,2
24287,51.430439,-0.014853,SE6 2TE,Connector 2,2
24287,51.430439,-0.014853,SE6 2TE,Connector 3,2
24288,51.482952,-0.256680,W4 2RR,Connector 1,2
24288,51.482952,-0.256680,W4 2RR,Connector 2,2
24288,51.482952,-0.256680,W4 2RR,Connector 3,2
24291,52.055122,-0.697840,MK16 0AA,Connector 1,2
24291,52.055122,-0.697840,MK16 0AA,Connector 2,2
24291,52.055122,-0.697840,MK16 0AA,Connector 3,1
24292,52.055145,-0.697930,MK16 0AA,Connector 1,0
24292,52.055145,-0.697930,MK16 0AA,Connector 2,0
24292,52.055145,-0.697930,MK16 0AA,Connector 3,0
24293,54.134003,-0.797923,YO17 7NR,Connector 1,2
24293,54.134003,-0.797923,YO17 7NR,Connector 2,2
24293,54.134003,-0.797923,YO17 7NR,Connector 3,2
24294,51.421356,-0.001595,BR1 4JX,Connector 1,2
24294,51.421356,-0.001595,BR1 4JX,Connector 2,2
24294,51.421356,-0.001595,BR1 4JX,Connector 3,2
24296,51.972858,0.156033,CB11 4QT,Connector 1,1
24296,51.972858,0.156033,CB11 4QT,Connector 2,2
24296,51.972858,0.156033,CB11 4QT,Connector 3,2
24298,52.041100,-2.685609,HR2 6FG,Connector 1,0
24298,52.041100,-2.685609,HR2 6FG,Connector 2,0
24298,52.041100,-2.685609,HR2 6FG,Connector 3,0
24299,52.594681,-0.249741,PE1 3ED,Connector 1,0
24299,52.594681,-0.249741,PE1 3ED,Connector 2,0
24299,52.594681,-0.249741,PE1 3ED,Connector 3,0
24300,52.895638,-1.192751,NG11 9GG,Connector 1,0
24300,52.895638,-1.192751,NG11 9GG,Connector 2,0
24300,52.895638,-1.192751,NG11 9GG,Connector 3,0
10358,52.026825,-0.788313,MK5 6JG,Socket 1,0
10358,52.026825,-0.788313,MK5 6JG,Socket 2,0
10348,52.061008,-0.747621,MK14 6JY,Socket 1,0
10348,52.061008,-0.747621,MK14 6JY,Socket 2,0
10326,51.512314,-0.606822,SL1 3SR,Socket 1,0
10326,51.512314,-0.606822,SL1 3SR,Socket 2,0
10323,52.015972,-0.794837,MK5 6LB,Socket 1,0
10323,52.015972,-0.794837,MK5 6LB,Socket 2,0
10402,52.952301,-1.144900,NG1 1QE,Socket 1,2
10402,52.952301,-1.144900,NG1 1QE,Socket 2,2
10355,55.863941,-4.434360,PA3 2SW,Socket 1,1
10355,55.863941,-4.434360,PA3 2SW,Socket 2,0
10356,55.864040,-4.434360,PA3 2SW,Socket 1,0
10356,55.864040,-4.434360,PA3 2SW,Socket 2,0
10357,55.864140,-4.434360,PA3 2SW,Socket 1,1
10357,55.864140,-4.434360,PA3 2SW,Socket 2,0
10415,52.953049,-1.136720,NG2 4PB,Socket 1,0
10415,52.953049,-1.136720,NG2 4PB,Socket 2,0
10411,53.796700,-1.558240,LS1 4DL,Socket 1,0
10411,53.796700,-1.558240,LS1 4DL,Socket 2,0
10412,53.796577,-1.558056,LS1 4DL,Socket 1,0
10412,53.796577,-1.558056,LS1 4DL,Socket 2,0
10383,51.997890,-0.739362,MK3 6EB,Socket 1,0
10383,51.997890,-0.739362,MK3 6EB,Socket 2,1
10384,51.187698,0.813500,TN26 1AR,Socket 1,0
10384,51.187698,0.813500,TN26 1AR,Socket 2,0
10386,51.755100,-0.428500,HP2 4UA,Socket 1,0
10386,51.755100,-0.428500,HP2 4UA,Socket 2,0
900,51.418591,-0.752651,RG12 1RQ,Socket 1,0
900,51.418591,-0.752651,RG12 1RQ,Socket 2,0
880,52.044640,-0.755017,MK9 3AQ,Socket 1,0
880,52.044640,-0.755017,MK9 3AQ,Socket 2,0
325,51.418598,-0.752661,RG12 1RQ,Socket 1,1
325,51.418598,-0.752661,RG12 1RQ,Socket 2,1
10488,51.504723,-0.114651,SE1 8XR,Socket 1,0
10488,51.504723,-0.114651,SE1 8XR,Socket 2,2
10480,51.464069,-0.116970,SW9 9UH,Socket 1,0
10480,51.464069,-0.116970,SW9 9UH,Socket 2,0
10484,52.967422,-1.164001,NG7 6ND,Socket 1,0
10484,52.967422,-1.164001,NG7 6ND,Socket 2,0
10485,52.967373,-1.163944,NG7 6ND,Socket 1,0
10485,52.967373,-1.163944,NG7 6ND,Socket 2,0
10507,51.171391,-0.165340,RH6 7AS,Socket 1,0
10507,51.171391,-0.165340,RH6 7AS,Socket 2,0
10481,52.979652,-1.146057,NG5 4AA,Socket 1,0
10481,52.979652,-1.146057,NG5 4AA,Socket 2,0
10483,52.979828,-1.145926,NG5 4AA,Socket 1,0
10483,52.979828,-1.145926,NG5 4AA,Socket 2,0
218,51.416302,-0.750897,RG12 1GN,Socket 1,1
218,51.416302,-0.750897,RG12 1GN,Socket 2,0
10511,51.499619,-0.535615,SL3 8BA,Socket 1,0
10511,51.499619,-0.535615,SL3 8BA,Socket 2,0
10500,52.049633,-2.721727,HR2 7JE,Socket 1,0
10500,52.049633,-2.721727,HR2 7JE,Socket 2,0
10501,52.048630,-2.722727,HR2 7JE,Socket 1,0
10501,52.048630,-2.722727,HR2 7JE,Socket 2,0
10349,51.438297,-0.569504,TW20 0GP,Socket 1,0
10349,51.438297,-0.569504,TW20 0GP,Socket 2,0
10350,51.425621,-0.561426,TW20 0GP,Socket 1,0
10350,51.425621,-0.561426,TW20 0GP,Socket 2,0
10351,51.438316,-0.569486,TW20 0GP,Socket 1,0
10351,51.438316,-0.569486,TW20 0GP,Socket 2,0
10482,52.979710,-1.146016,NG5 4AA,Socket 1,0
10482,52.979710,-1.146016,NG5 4AA,Socket 2,0
10529,51.510105,-0.221667,W12 7GF,Socket 1,0
10529,51.510105,-0.221667,W12 7GF,Socket 2,0
10530,51.510105,-0.221667,W12 7GF,Socket 1,0
10530,51.510105,-0.221667,W12 7GF,Socket 2,0
10531,51.510105,-0.221667,W12 7GF,Socket 1,0
10531,51.510105,-0.221667,W12 7GF,Socket 2,0
10532,51.510105,-0.221667,W12 7GF,Socket 1,0
10532,51.510105,-0.221667,W12 7GF,Socket 2,0
10533,51.510105,-0.221667,W12 7GF,Socket 1,0
10533,51.510105,-0.221667,W12 7GF,Socket 2,0
10474,51.520500,-0.169900,NW1 5BZ,Socket 1,0
10474,51.520500,-0.169900,NW1 5BZ,Socket 2,0
10575,52.011944,-0.725575,MK1 1LG,Socket 1,0
10575,52.011944,-0.725575,MK1 1LG,Socket 2,1
10518,52.043358,-0.683841,MK4 1GA,Socket 1,0
10518,52.043358,-0.683841,MK4 1GA,Socket 2,0
10515,51.238869,-0.205091,RH2 0SH,Socket 1,0
10515,51.238869,-0.205091,RH2 0SH,Socket 2,0
10516,52.006207,-0.793598,MK4 4DD,Socket 1,0
10516,52.006207,-0.793598,MK4 4DD,Socket 2,1
10476,52.772022,-1.558456,DE11 8JL,Socket 1,0
10476,52.772022,-1.558456,DE11 8JL,Socket 2,1
10477,52.772030,-1.558389,DE11 8JL,Socket 1,0
10477,52.772030,-1.558389,DE11 8JL,Socket 2,0
10478,51.116993,-0.184150,RH10 1UZ,Socket 1,0
10478,51.116993,-0.184150,RH10 1UZ,Socket 2,0
10479,51.116993,-0.184150,RH10 1UZ,Socket 1,0
10479,51.116993,-0.184150,RH10 1UZ,Socket 2,0
10519,51.509315,-0.221726,W12 7GF,Socket 1,0
10519,51.509315,-0.221726,W12 7GF,Socket 2,0
10520,51.510105,-0.221667,W12 7GF,Socket 1,0
10520,51.510105,-0.221667,W12 7GF,Socket 2,0
10521,51.509315,-0.221726,W12 7GF,Socket 1,0
10521,51.509315,-0.221726,W12 7GF,Socket 2,0
10523,51.510105,-0.221667,W12 7GF,Socket 1,0
10523,51.510105,-0.221667,W12 7GF,Socket 2,0
10524,51.510105,-0.221667,W12 7GF,Socket 1,0
10524,51.510105,-0.221667,W12 7GF,Socket 2,0
10526,51.510105,-0.221726,W12 7GF,Socket 1,0
10526,51.510105,-0.221726,W12 7GF,Socket 2,0
10527,51.510105,-0.221667,W12 7GF,Socket 1,0
10527,51.510105,-0.221667,W12 7GF,Socket 2,0
10528,51.510105,-0.221667,W12 7GF,Socket 1,0
10528,51.510105,-0.221667,W12 7GF,Socket 2,0
10571,52.088066,-0.264523,SG18 0JS,Socket 1,0
10571,52.088066,-0.264523,SG18 0JS,Socket 2,0
10572,52.088066,-0.264523,SG18 0JS,Socket 1,0
10572,52.088066,-0.264523,SG18 0JS,Socket 2,0
10595,51.678001,-0.436400,WD3 4TG,Socket 1,1
10595,51.678001,-0.436400,WD3 4TG,Socket 2,0
10597,51.678001,-0.436500,WD3 4TG,Socket 1,0
10597,51.678001,-0.436500,WD3 4TG,Socket 2,0
10599,51.881680,-0.416420,LU1 2PA,Socket 1,1
10599,51.881680,-0.416420,LU1 2PA,Socket 2,1
10568,51.604477,-1.110225,OX10 8BA,Socket 1,0
10568,51.604477,-1.110225,OX10 8BA,Socket 2,1
10561,51.496464,-2.593190,BS10 5NB,Socket 1,0
10561,51.496464,-2.593190,BS10 5NB,Socket 2,0
166,51.409500,-0.301287,KT1 2PR,Socket 1,0
166,51.409500,-0.301287,KT1 2PR,Socket 2,1
10562,51.496475,-2.593139,BS10 5NB,Socket 1,0
10562,51.496475,-2.593139,BS10 5NB,Socket 2,0
10563,51.496464,-2.593109,BS10 5NB,Socket 1,0
10563,51.496464,-2.593109,BS10 5NB,Socket 2,0
10564,51.496483,-2.593058,BS10 5NB,Socket 1,0
10564,51.496483,-2.593058,BS10 5NB,Socket 2,0
10565,51.496426,-2.593182,BS10 5NB,Socket 1,0
10565,51.496426,-2.593182,BS10 5NB,Socket 2,0
10577,54.984852,-1.501973,NE32 3DT,Socket 1,0
10577,54.984852,-1.501973,NE32 3DT,Socket 2,0
10626,52.343616,0.500780,IP28 7JX,Socket 1,0
10626,52.343616,0.500780,IP28 7JX,Socket 2,0
10625,51.646622,-0.426528,WD18 8QU,Socket 1,2
10625,51.646622,-0.426528,WD18 8QU,Socket 2,2
10573,51.147202,0.868500,TN23 1NR,Socket 1,0
10573,51.147202,0.868500,TN23 1NR,Socket 2,0
10628,52.050301,-0.736800,MK9 4AD,Socket 1,1
10628,52.050301,-0.736800,MK9 4AD,Socket 2,0
10629,52.050320,-0.736850,MK9 4AD,Socket 1,0
10629,52.050320,-0.736850,MK9 4AD,Socket 2,0
10514,52.312626,-1.579605,CV35 7QT,Socket 1,2
10514,52.312626,-1.579605,CV35 7QT,Socket 2,2
10603,52.343632,0.500161,IP28 7JX,Socket 1,0
10603,52.343632,0.500161,IP28 7JX,Socket 2,0
10604,51.918671,-1.159279,OX27 8TG,Socket 1,1
10604,51.918671,-1.159279,OX27 8TG,Socket 2,0
1314,53.515701,-1.102800,DN4 5NW,Socket 1,0
1314,53.515701,-1.102800,DN4 5NW,Socket 2,0
10638,52.044601,-0.807700,MK8 8LY,Socket 1,0
10638,52.044601,-0.807700,MK8 8LY,Socket 2,0
308,51.500301,-0.010129,E14 9YQ,Socket 1,0
308,51.500301,-0.010129,E14 9YQ,Socket 2,1
10576,51.921883,-1.161363,OX27 8BG,Socket 1,0
10576,51.921883,-1.161363,OX27 8BG,Socket 2,0
10375,50.546146,-4.916262,PL27 6LA,Socket 1,0
10375,50.546146,-4.916262,PL27 6LA,Socket 2,0
10377,50.546089,-4.916401,PL27 6LA,Connector 1,0
10377,50.546089,-4.916401,PL27 6LA,Connector 2,0
10685,50.841240,-0.122110,BN2 3QA,Socket 1,0
10685,50.841240,-0.122110,BN2 3QA,Socket 2,0
10686,50.841251,-0.122179,BN2 3QA,Socket 1,0
10686,50.841251,-0.122179,BN2 3QA,Socket 2,0
10687,50.841129,-0.122265,BN2 3QA,Socket 1,0
10687,50.841129,-0.122265,BN2 3QA,Socket 2,0
10688,50.841278,-0.122093,BN2 3QA,Socket 1,0
10688,50.841278,-0.122093,BN2 3QA,Socket 2,0
10713,51.591305,-0.021943,E17 5EJ,Socket 1,0
10713,51.591305,-0.021943,E17 5EJ,Socket 2,1
10714,51.591011,-0.019474,E17 4PX,Socket 1,0
10714,51.591011,-0.019474,E17 4PX,Socket 2,1
10716,51.591019,-0.019373,E17 4PX,Socket 1,0
10716,51.591019,-0.019373,E17 4PX,Socket 2,0
10723,51.569614,0.010099,E11 1HB,Socket 1,1
10723,51.569614,0.010099,E11 1HB,Socket 2,1
10720,51.584003,-0.040561,E17 6NX,Socket 1,0
10720,51.584003,-0.040561,E17 6NX,Socket 2,1
1208,52.038704,-0.763070,MK9 2EA,Socket 1,0
1208,52.038704,-0.763070,MK9 2EA,Socket 2,0
10760,51.332420,1.418110,CT11 9EF,Socket 1,2
10760,51.332420,1.418110,CT11 9EF,Socket 2,2
10711,52.343624,0.500567,IP28 7JX,Socket 1,0
10711,52.343624,0.500567,IP28 7JX,Socket 2,0
1611,51.753586,-0.335241,AL1 3LD,Socket 1,0
1611,51.753586,-0.335241,AL1 3LD,Socket 2,0
264,51.802101,-0.207970,AL8 6AL,Socket 1,0
264,51.802101,-0.207970,AL8 6AL,Socket 2,0
1618,51.763199,-0.567523,HP4 2AH,Socket 1,0
1618,51.763199,-0.567523,HP4 2AH,Socket 2,0
10733,52.006149,-0.793527,MK4 4DD,Socket 1,1
10733,52.006149,-0.793527,MK4 4DD,Socket 2,0
10781,52.245247,0.150349,CB24 6DQ,Socket 1,0
10781,52.245247,0.150349,CB24 6DQ,Socket 2,0
10782,52.245216,0.150336,CB24 6DQ,Socket 1,2
10782,52.245216,0.150336,CB24 6DQ,Socket 2,2
10779,52.168068,0.108225,CB2 9FT,Socket 1,0
10779,52.168068,0.108225,CB2 9FT,Socket 2,1
10780,52.168030,0.108243,CB2 9FT,Socket 1,1
10780,52.168030,0.108243,CB2 9FT,Socket 2,1
10790,52.165703,0.162755,CB22 3AB,Socket 1,0
10790,52.165703,0.162755,CB22 3AB,Socket 2,0
10791,52.165688,0.162786,CB22 3AB,Socket 1,1
10791,52.165688,0.162786,CB22 3AB,Socket 2,0
10788,52.214951,0.084412,CB3 0EU,Socket 1,1
10788,52.214951,0.084412,CB3 0EU,Socket 2,0
10789,52.214909,0.084427,CB3 0EU,Socket 1,0
10789,52.214909,0.084427,CB3 0EU,Socket 2,0
10783,52.291504,0.054551,CB24 3DS,Socket 1,0
10783,52.291504,0.054551,CB24 3DS,Socket 2,0
10784,52.291740,0.053851,CB24 3DS,Socket 1,0
10784,52.291740,0.053851,CB24 3DS,Socket 2,0
10787,51.677322,-0.956008,OX49 5SQ,Socket 1,0
10787,51.677322,-0.956008,OX49 5SQ,Socket 2,0
847,50.720901,-1.879370,BH2 6EJ,Socket 1,1
847,50.720901,-1.879370,BH2 6EJ,Socket 2,0
931,51.530590,0.143199,RM9 6SJ,Socket 1,1
931,51.530590,0.143199,RM9 6SJ,Socket 2,1
10761,54.681301,-3.231773,CA12 4RE,Socket 1,0
10761,54.681301,-3.231773,CA12 4RE,Socket 2,0
10762,54.681320,-3.231696,CA12 4RE,Socket 1,0
10762,54.681320,-3.231696,CA12 4RE,Socket 2,0
10818,52.955196,-1.136813,NG3 1JF,Socket 1,0
10818,52.955196,-1.136813,NG3 1JF,Socket 2,0
10819,52.955200,-1.136712,NG3 1JF,Socket 1,0
10819,52.955200,-1.136712,NG3 1JF,Socket 2,0
10820,52.955200,-1.136439,NG3 1JF,Socket 1,0
10820,52.955200,-1.136439,NG3 1JF,Socket 2,0
10821,52.955193,-1.136631,NG3 1JF,Socket 1,0
10821,52.955193,-1.136631,NG3 1JF,Socket 2,0
10812,53.760738,-2.695657,PR1 1DJ,Socket 1,1
10812,53.760738,-2.695657,PR1 1DJ,Socket 2,0
10813,53.760838,-2.695757,PR1 1DJ,Socket 1,1
10813,53.760838,-2.695757,PR1 1DJ,Socket 2,1
10814,53.760937,-2.695857,PR1 1DJ,Socket 1,1
10814,53.760937,-2.695857,PR1 1DJ,Socket 2,0
1726,52.044598,-0.755068,MK9 3AQ,Socket 1,0
1726,52.044598,-0.755068,MK9 3AQ,Socket 2,0
10832,52.020542,-0.659941,MK17 8UE,Socket 1,0
10832,52.020542,-0.659941,MK17 8UE,Socket 2,0
10830,51.496792,-2.593026,BS10 5NB,Socket 1,0
10830,51.496792,-2.593026,BS10 5NB,Socket 2,0
10831,53.387516,-2.591306,WA1 2HN,Socket 1,0
10831,53.387516,-2.591306,WA1 2HN,Socket 2,0
10254,51.564636,0.119222,IG3 9QH,Socket 1,0
10254,51.564636,0.119222,IG3 9QH,Socket 2,0
1317,52.139404,-0.466784,MK40 2TX,Socket 1,1
1317,52.139404,-0.466784,MK40 2TX,Socket 2,0
10844,52.917564,-1.263917,NG9 7JB,Socket 1,0
10844,52.917564,-1.263917,NG9 7JB,Socket 2,2
10899,52.479141,-1.773139,B33 0LE,Socket 1,1
10899,52.479141,-1.773139,B33 0LE,Socket 2,0
10900,54.970303,-2.456392,NE49 0DA,Socket 1,0
10900,54.970303,-2.456392,NE49 0DA,Socket 2,1
10913,50.422298,-4.213600,PL12 6LJ,Socket 1,1
10913,50.422298,-4.213600,PL12 6LJ,Socket 2,2
2374,51.901501,0.899000,CO4 5TU,Socket 1,0
2374,51.901501,0.899000,CO4 5TU,Socket 2,1
10914,52.128613,-2.300646,WR14 1GD,Socket 1,0
10914,52.128613,-2.300646,WR14 1GD,Socket 2,0
10897,52.949356,-1.113943,NG2 4BE,Socket 1,0
10897,52.949356,-1.113943,NG2 4BE,Socket 2,0
10898,52.949329,-1.113902,NG2 4BE,Socket 1,0
10898,52.949329,-1.113902,NG2 4BE,Socket 2,0
10890,52.966900,-1.217800,NG8 4PB,Socket 1,0
10890,52.966900,-1.217800,NG8 4PB,Socket 2,0
10891,52.966923,-1.217774,NG8 4PB,Socket 1,0
10891,52.966923,-1.217774,NG8 4PB,Socket 2,0
10892,52.966942,-1.217739,NG8 4PB,Socket 1,0
10892,52.966942,-1.217739,NG8 4PB,Socket 2,0
10893,52.966961,-1.217712,NG8 4PB,Socket 1,0
10893,52.966961,-1.217712,NG8 4PB,Socket 2,0
10894,52.966976,-1.217672,NG8 4PB,Socket 1,0
10894,52.966976,-1.217672,NG8 4PB,Socket 2,0
10895,52.966991,-1.217641,NG8 4PB,Socket 1,0
10895,52.966991,-1.217641,NG8 4PB,Socket 2,0
10896,52.967007,-1.217614,NG8 4PB,Socket 1,0
10896,52.967007,-1.217614,NG8 4PB,Socket 2,0
10944,51.530106,-2.597959,BS34 5TL,Socket 1,1
10944,51.530106,-2.597959,BS34 5TL,Socket 2,0
10945,51.530067,-2.597963,BS34 5TL,Socket 1,0
10945,51.530067,-2.597963,BS34 5TL,Socket 2,0
10951,52.954655,-1.140237,NG1 1EA,Socket 1,0
10951,52.954655,-1.140237,NG1 1EA,Socket 2,0
10958,52.343624,0.500483,IP28 7JX,Socket 1,0
10958,52.343624,0.500483,IP28 7JX,Socket 2,0
10956,53.295490,-3.730253,LL29 8LP,Socket 1,0
10956,53.295490,-3.730253,LL29 8LP,Socket 2,1
10957,53.295525,-3.730181,LL29 8LP,Socket 1,0
10957,53.295525,-3.730181,LL29 8LP,Socket 2,0
10965,51.651669,-0.084252,EN2 6SN,Socket 1,0
10965,51.651669,-0.084252,EN2 6SN,Socket 2,2
10964,51.651646,-0.084142,EN2 6SN,Socket 1,1
10964,51.651646,-0.084142,EN2 6SN,Socket 2,2
10984,53.387627,-2.591072,WA1 2HN,Socket 1,0
10984,53.387627,-2.591072,WA1 2HN,Socket 2,0
10985,53.387608,-2.591122,WA1 2HN,Socket 1,0
10985,53.387608,-2.591122,WA1 2HN,Socket 2,1
10986,53.387455,-2.591438,WA1 2HN,Socket 1,0
10986,53.387455,-2.591438,WA1 2HN,Socket 2,0
10987,53.387508,-2.591140,WA1 2HN,Socket 1,0
10987,53.387508,-2.591140,WA1 2HN,Socket 2,0
10764,50.836193,-0.209394,BN41 1XB,Socket 1,0
10764,50.836193,-0.209394,BN41 1XB,Socket 2,1
11000,51.080612,1.180914,CT20 1BP,Socket 1,0
11000,51.080612,1.180914,CT20 1BP,Socket 2,0
11001,51.071465,1.079537,CT21 5BJ,Socket 1,0
11001,51.071465,1.079537,CT21 5BJ,Socket 2,0
11002,50.985016,0.937651,TN28 8DQ,Socket 1,0
11002,50.985016,0.937651,TN28 8DQ,Socket 2,0
11013,50.832829,-0.120280,BN2 3ER,Socket 1,0
11013,50.832829,-0.120280,BN2 3ER,Socket 2,0
11039,51.412498,-0.769089,RG12 8YA,Socket 1,0
11039,51.412498,-0.769089,RG12 8YA,Socket 2,0
3750,52.497093,1.731337,NR32 4PZ,Socket 1,0
3750,52.497093,1.731337,NR32 4PZ,Socket 2,0
11040,52.262299,-1.610400,CV34 6RE,Socket 1,0
11040,52.262299,-1.610400,CV34 6RE,Socket 2,0
11041,52.262199,-1.610400,CV34 6RE,Socket 1,1
11041,52.262199,-1.610400,CV34 6RE,Socket 2,1
11096,53.387558,-2.591214,WA1 2HN,Socket 1,2
11096,53.387558,-2.591214,WA1 2HN,Socket 2,0
11097,53.387581,-2.591165,WA1 2HN,Socket 1,0
11097,53.387581,-2.591165,WA1 2HN,Socket 2,1
11098,53.387535,-2.591097,WA1 2HN,Socket 1,0
11098,53.387535,-2.591097,WA1 2HN,Socket 2,0
11099,53.387650,-2.591026,WA1 2HN,Socket 1,0
11099,53.387650,-2.591026,WA1 2HN,Socket 2,1
11011,54.972408,-2.097600,NE46 1QE,Socket 1,0
11011,54.972408,-2.097600,NE46 1QE,Socket 2,0
11092,51.155430,0.899710,TN24 9QX,Socket 1,0
11092,51.155430,0.899710,TN24 9QX,Socket 2,0
11093,51.148312,0.874712,TN23 1NJ,Socket 1,0
11093,51.148312,0.874712,TN23 1NJ,Socket 2,0
11100,53.387482,-2.591189,WA1 2HN,Socket 1,0
11100,53.387482,-2.591189,WA1 2HN,Socket 2,0
11101,53.387691,-2.590781,WA1 2HN,Socket 1,0
11101,53.387691,-2.590781,WA1 2HN,Socket 2,0
11102,53.387451,-2.591250,WA1 2HN,Socket 1,0
11102,53.387451,-2.591250,WA1 2HN,Socket 2,0
11103,53.387424,-2.591303,WA1 2HN,Socket 1,0
11103,53.387424,-2.591303,WA1 2HN,Socket 2,0
11132,51.851879,1.170493,CO16 0JD,Socket 1,0
11132,51.851879,1.170493,CO16 0JD,Socket 2,0
24501,50.758999,-1.529500,SO41 5TB,Connector 1,0
24501,50.758999,-1.529500,SO41 5TB,Connector 2,0
24501,50.758999,-1.529500,SO41 5TB,Connector 3,0
24502,56.015499,-3.746100,FK3 8XJ,Connector 1,0
24502,56.015499,-3.746100,FK3 8XJ,Connector 2,0
24502,56.015499,-3.746100,FK3 8XJ,Connector 3,0
24503,54.070358,-2.772253,LA1 3SW,Connector 1,0
24503,54.070358,-2.772253,LA1 3SW,Connector 2,0
24503,54.070358,-2.772253,LA1 3SW,Connector 3,0
24504,51.919899,-2.069300,GL50 4SH,Connector 1,0
24504,51.919899,-2.069300,GL50 4SH,Connector 2,0
24504,51.919899,-2.069300,GL50 4SH,Connector 3,0
24505,54.070290,-2.772250,LA1 3SW,Connector 1,0
24505,54.070290,-2.772250,LA1 3SW,Connector 2,0
24505,54.070290,-2.772250,LA1 3SW,Connector 3,0
24506,54.070225,-2.772243,LA1 3SW,Connector 1,0
24506,54.070225,-2.772243,LA1 3SW,Connector 2,0
24506,54.070225,-2.772243,LA1 3SW,Connector 3,0
24507,54.886200,-1.556700,NE37 1LB,Connector 1,0
24507,54.886200,-1.556700,NE37 1LB,Connector 2,0
24507,54.886200,-1.556700,NE37 1LB,Connector 3,0
24508,52.132790,-0.482061,MK40 4JF,Connector 1,0
24508,52.132790,-0.482061,MK40 4JF,Connector 2,0
24508,52.132790,-0.482061,MK40 4JF,Connector 3,0
24509,54.070164,-2.772240,LA1 3SW,Connector 1,0
24509,54.070164,-2.772240,LA1 3SW,Connector 2,0
24509,54.070164,-2.772240,LA1 3SW,Connector 3,0
24510,53.579918,-0.969151,DN7 6NL,Connector 1,0
24510,53.579918,-0.969151,DN7 6NL,Connector 2,0
24510,53.579918,-0.969151,DN7 6NL,Connector 3,0
24511,51.497040,0.154619,DA17 6LD,Connector 1,2
24511,51.497040,0.154619,DA17 6LD,Connector 2,2
24511,51.497040,0.154619,DA17 6LD,Connector 3,2
24512,51.497040,0.154740,DA17 6LD,Connector 1,2
24512,51.497040,0.154740,DA17 6LD,Connector 2,2
24512,51.497040,0.154740,DA17 6LD,Connector 3,2
24514,52.137981,-0.473284,MK40 1JD,Connector 1,0
24514,52.137981,-0.473284,MK40 1JD,Connector 2,0
24514,52.137981,-0.473284,MK40 1JD,Connector 3,0
24515,52.945774,-1.122307,NG2 4EL,Connector 1,2
24515,52.945774,-1.122307,NG2 4EL,Connector 2,2
24515,52.945774,-1.122307,NG2 4EL,Connector 3,2
24516,53.003899,-1.215800,NG6 7GH,Connector 1,0
24516,53.003899,-1.215800,NG6 7GH,Connector 2,0
24516,53.003899,-1.215800,NG6 7GH,Connector 3,0
24521,51.677273,-0.956134,OX49 5SQ,Connector 1,2
24521,51.677273,-0.956134,OX49 5SQ,Connector 2,2
24521,51.677273,-0.956134,OX49 5SQ,Connector 3,2
24522,49.184700,-2.193100,JE3 8EF,Connector 1,0
24522,49.184700,-2.193100,JE3 8EF,Connector 2,2
24522,49.184700,-2.193100,JE3 8EF,Connector 3,2
24523,52.895748,-1.428999,DE24 0JH,Connector 1,1
24523,52.895748,-1.428999,DE24 0JH,Connector 2,2
24523,52.895748,-1.428999,DE24 0JH,Connector 3,2
24524,53.591099,-2.742200,WN8 7TG,Connector 1,0
24524,53.591099,-2.742200,WN8 7TG,Connector 2,0
24524,53.591099,-2.742200,WN8 7TG,Connector 3,0
24525,54.128983,-2.768963,LA5 9JX,Connector 1,0
24525,54.128983,-2.768963,LA5 9JX,Connector 2,0
24525,54.128983,-2.768963,LA5 9JX,Connector 3,0
24526,53.786377,-2.673405,PR2 9PS,Connector 1,0
24526,53.786377,-2.673405,PR2 9PS,Connector 2,0
24526,53.786377,-2.673405,PR2 9PS,Connector 3,0
24527,51.740257,0.498600,CM2 6AD,Connector 1,2
24527,51.740257,0.498600,CM2 6AD,Connector 2,2
24527,51.740257,0.498600,CM2 6AD,Connector 3,1
24528,53.556702,-0.091200,DN34 5AD,Connector 1,0
24528,53.556702,-0.091200,DN34 5AD,Connector 2,0
24528,53.556702,-0.091200,DN34 5AD,Connector 3,0
24529,56.063633,-3.498063,KY12 8NN,Connector 1,0
24529,56.063633,-3.498063,KY12 8NN,Connector 2,0
24529,56.063633,-3.498063,KY12 8NN,Connector 3,0
24530,51.332172,0.153252,TN14 7AD,Connector 1,0
24530,51.332172,0.153252,TN14 7AD,Connector 2,0
24530,51.332172,0.153252,TN14 7AD,Connector 3,0
24531,51.609383,0.059356,IG8 8AS,Connector 1,0
24531,51.609383,0.059356,IG8 8AS,Connector 2,0
24531,51.609383,0.059356,IG8 8AS,Connector 3,0
24532,51.177120,-1.757323,SP4 7SQ,Connector 1,2
24532,51.177120,-1.757323,SP4 7SQ,Connector 2,2
24532,51.177120,-1.757323,SP4 7SQ,Connector 3,2
24533,51.333588,-0.438623,KT11 1EW,Connector 1,2
24533,51.333588,-0.438623,KT11 1EW,Connector 2,2
24533,51.333588,-0.438623,KT11 1EW,Connector 3,2
24534,50.834461,-0.367408,BN14 9JN,Connector 1,0
24534,50.834461,-0.367408,BN14 9JN,Connector 2,0
24534,50.834461,-0.367408,BN14 9JN,Connector 3,0
24535,51.342960,0.503334,ME5 9QG,Connector 1,2
24535,51.342960,0.503334,ME5 9QG,Connector 2,2
24535,51.342960,0.503334,ME5 9QG,Connector 3,2
24536,52.911575,-1.507667,DE22 3HZ,Connector 1,0
24536,52.911575,-1.507667,DE22 3HZ,Connector 2,0
24536,52.911575,-1.507667,DE22 3HZ,Connector 3,0
24538,51.245743,-1.083714,RG25 2JT,Connector 1,0
24538,51.245743,-1.083714,RG25 2JT,Connector 2,0
24538,51.245743,-1.083714,RG25 2JT,Connector 3,0
24540,49.200298,-2.113700,JE4 8NY,Connector 1,0
24540,49.200298,-2.113700,JE4 8NY,Connector 2,0
24540,49.200298,-2.113700,JE4 8NY,Connector 3,0
24541,51.554256,-0.114493,N7 9SU,Connector 1,2
24541,51.554256,-0.114493,N7 9SU,Connector 2,2
24541,51.554256,-0.114493,N7 9SU,Connector 3,2
24542,49.187195,-2.115946,JE2 3QA,Connector 1,0
24542,49.187195,-2.115946,JE2 3QA,Connector 2,0
24542,49.187195,-2.115946,JE2 3QA,Connector 3,0
24543,50.757835,0.277488,BN20 7HZ,Connector 1,1
24543,50.757835,0.277488,BN20 7HZ,Connector 2,2
24543,50.757835,0.277488,BN20 7HZ,Connector 3,2
24545,55.882690,-2.302497,TD11 3RW,Connector 1,0
24545,55.882690,-2.302497,TD11 3RW,Connector 2,0
24545,55.882690,-2.302497,TD11 3RW,Connector 3,2
24546,52.969101,-1.211500,NG8 3BB,Connector 1,0
24546,52.969101,-1.211500,NG8 3BB,Connector 2,0
24546,52.969101,-1.211500,NG8 3BB,Connector 3,0
24547,51.519066,-0.613261,SL1 4UT,Connector 1,0
24547,51.519066,-0.613261,SL1 4UT,Connector 2,0
24547,51.519066,-0.613261,SL1 4UT,Connector 3,0
24548,50.762142,0.282831,BN21 4JR,Connector 1,0
24548,50.762142,0.282831,BN21 4JR,Connector 2,0
24548,50.762142,0.282831,BN21 4JR,Connector 3,0
24549,52.231598,-1.880521,B49 5QQ,Connector 1,0
24549,52.231598,-1.880521,B49 5QQ,Connector 2,0
24549,52.231598,-1.880521,B49 5QQ,Connector 3,0
24553,53.953167,-1.093875,YO24 1BN,Connector 1,2
24553,53.953167,-1.093875,YO24 1BN,Connector 2,2
24553,53.953167,-1.093875,YO24 1BN,Connector 3,2
24554,51.138546,-0.035804,RH19 2BH,Connector 1,0
24554,51.138546,-0.035804,RH19 2BH,Connector 2,0
24554,51.138546,-0.035804,RH19 2BH,Connector 3,0
24555,52.936199,-1.142000,NG2 2LA,Connector 1,0
24555,52.936199,-1.142000,NG2 2LA,Connector 2,0
24555,52.936199,-1.142000,NG2 2LA,Connector 3,0
24556,52.936119,-1.141985,NG2 2LA,Connector 1,0
24556,52.936119,-1.141985,NG2 2LA,Connector 2,0
24556,52.936119,-1.141985,NG2 2LA,Connector 3,0
24557,53.037956,-1.205479,NG15 7BT,Connector 1,0
24557,53.037956,-1.205479,NG15 7BT,Connector 2,0
24557,53.037956,-1.205479,NG15 7BT,Connector 3,0
24558,56.134201,-3.131900,KY1 3HU,Connector 1,0
24558,56.134201,-3.131900,KY1 3HU,Connector 2,0
24558,56.134201,-3.131900,KY1 3HU,Connector 3,0
24561,51.577728,0.064823,IG2 6UH,Connector 1,0
24561,51.577728,0.064823,IG2 6UH,Connector 2,0
24561,51.577728,0.064823,IG2 6UH,Connector 3,0
24562,52.973003,-1.177853,NG7 7NW,Connector 1,2
24562,52.973003,-1.177853,NG7 7NW,Connector 2,2
24562,52.973003,-1.177853,NG7 7NW,Connector 3,2
24567,51.445892,0.215229,DA1 2AU,Connector 1,0
24567,51.445892,0.215229,DA1 2AU,Connector 2,0
24567,51.445892,0.215229,DA1 2AU,Connector 3,0
24570,52.830692,1.382878,NR28 0AW,Connector 1,0
24570,52.830692,1.382878,NR28 0AW,Connector 2,0
24570,52.830692,1.382878,NR28 0AW,Connector 3,0
24571,52.959999,-1.175400,NG7 3AY,Connector 1,0
24571,52.959999,-1.175400,NG7 3AY,Connector 2,0
24571,52.959999,-1.175400,NG7 3AY,Connector 3,0
24575,55.775127,-4.313195,GL7 5LU,Connector 1,0
24575,55.775127,-4.313195,GL7 5LU,Connector 2,0
24575,55.775127,-4.313195,GL7 5LU,Connector 3,0
24577,51.487499,-0.263710,W4 3DU,Connector 1,1
24577,51.487499,-0.263710,W4 3DU,Connector 2,2
24577,51.487499,-0.263710,W4 3DU,Connector 3,2
24578,51.473701,0.018700,SE3 7BD,Connector 1,2
24578,51.473701,0.018700,SE3 7BD,Connector 2,2
24578,51.473701,0.018700,SE3 7BD,Connector 3,2
24583,51.049011,0.423562,TN5 7DQ,Connector 1,0
24583,51.049011,0.423562,TN5 7DQ,Connector 2,0
24583,51.049011,0.423562,TN5 7DQ,Connector 3,0
24585,51.360764,0.271130,DA3 8NQ,Connector 1,0
24585,51.360764,0.271130,DA3 8NQ,Connector 2,0
24585,51.360764,0.271130,DA3 8NQ,Connector 3,0
24587,53.916580,-1.439875,LS22 4JA,Connector 1,0
24587,53.916580,-1.439875,LS22 4JA,Connector 2,0
24587,53.916580,-1.439875,LS22 4JA,Connector 3,0
24588,56.043404,-3.435541,KY11 2RN,Connector 1,0
24588,56.043404,-3.435541,KY11 2RN,Connector 2,0
24588,56.043404,-3.435541,KY11 2RN,Connector 3,0
24589,56.043419,-3.435477,KY11 2RN,Connector 1,0
24589,56.043419,-3.435477,KY11 2RN,Connector 2,0
24589,56.043419,-3.435477,KY11 2RN,Connector 3,0
24590,53.104099,-0.173400,LN4 4SG,Connector 1,1
24590,53.104099,-0.173400,LN4 4SG,Connector 2,2
24590,53.104099,-0.173400,LN4 4SG,Connector 3,2
24591,52.915913,-1.457225,DE24 8JE,Connector 1,0
24591,52.915913,-1.457225,DE24 8JE,Connector 2,0
24591,52.915913,-1.457225,DE24 8JE,Connector 3,0
24592,52.892174,-1.531881,DE23 3TZ,Connector 1,1
24592,52.892174,-1.531881,DE23 3TZ,Connector 2,2
24592,52.892174,-1.531881,DE23 3TZ,Connector 3,2
24593,53.497902,-0.315488,LN7 6QF,Connector 1,0
24593,53.497902,-0.315488,LN7 6QF,Connector 2,0
24593,53.497902,-0.315488,LN7 6QF,Connector 3,0
24594,53.300900,-0.465000,LN2 3QR,Connector 1,0
24594,53.300900,-0.465000,LN2 3QR,Connector 2,0
24594,53.300900,-0.465000,LN2 3QR,Connector 3,0
24595,51.410938,0.378301,DA12 5UQ,Connector 1,2
24595,51.410938,0.378301,DA12 5UQ,Connector 2,2
24595,51.410938,0.378301,DA12 5UQ,Connector 3,2
24596,53.793201,-2.697000,PR2 9GA,Connector 1,0
24596,53.793201,-2.697000,PR2 9GA,Connector 2,0
24596,53.793201,-2.697000,PR2 9GA,Connector 3,0
24597,51.598400,-1.801500,SN25 4YX,Connector 1,0
24597,51.598400,-1.801500,SN25 4YX,Connector 2,0
24597,51.598400,-1.801500,SN25 4YX,Connector 3,0
24598,52.584614,-2.125526,WV1 3AE,Connector 1,2
24598,52.584614,-2.125526,WV1 3AE,Connector 2,1
24598,52.584614,-2.125526,WV1 3AE,Connector 3,2
24599,55.942955,-4.018280,G68 9AW,Connector 1,0
24599,55.942955,-4.018280,G68 9AW,Connector 2,0
24599,55.942955,-4.018280,G68 9AW,Connector 3,0
24600,53.745293,-1.451642,LS26 8EJ,Connector 1,0
24600,53.745293,-1.451642,LS26 8EJ,Connector 2,0
24600,53.745293,-1.451642,LS26 8EJ,Connector 3,0
24601,52.588203,-2.141532,WV1 4PN,Connector 1,0
24601,52.588203,-2.141532,WV1 4PN,Connector 2,0
24601,52.588203,-2.141532,WV1 4PN,Connector 3,0
24602,53.701855,-2.284547,BB4 7LS,Connector 1,0
24602,53.701855,-2.284547,BB4 7LS,Connector 2,0
24602,53.701855,-2.284547,BB4 7LS,Connector 3,0
24603,51.490643,-0.218508,W6 8BJ,Connector 1,2
24603,51.490643,-0.218508,W6 8BJ,Connector 2,1
24603,51.490643,-0.218508,W6 8BJ,Connector 3,2
24604,50.716869,-3.534999,EX2 8BP,Connector 1,0
24604,50.716869,-3.534999,EX2 8BP,Connector 2,0
24604,50.716869,-3.534999,EX2 8BP,Connector 3,0
24605,51.249313,-1.114680,RG22 6HN,Connector 1,0
24605,51.249313,-1.114680,RG22 6HN,Connector 2,0
24605,51.249313,-1.114680,RG22 6HN,Connector 3,0
24606,53.769028,-1.737790,BD5 8LB,Connector 1,0
24606,53.769028,-1.737790,BD5 8LB,Connector 2,0
24606,53.769028,-1.737790,BD5 8LB,Connector 3,0
24607,50.390999,-4.071882,PL7 4NE,Connector 1,0
24607,50.390999,-4.071882,PL7 4NE,Connector 2,0
24607,50.390999,-4.071882,PL7 4NE,Connector 3,0
24608,53.801224,-2.992728,FY4 4UT,Connector 1,0
24608,53.801224,-2.992728,FY4 4UT,Connector 2,0
24608,53.801224,-2.992728,FY4 4UT,Connector 3,0
24609,51.445942,0.215573,DA1 2AU,Connector 1,0
24609,51.445942,0.215573,DA1 2AU,Connector 2,0
24609,51.445942,0.215573,DA1 2AU,Connector 3,0
24610,51.429783,-0.968681,RG2 0JE,Connector 1,2
24610,51.429783,-0.968681,RG2 0JE,Connector 2,1
24610,51.429783,-0.968681,RG2 0JE,Connector 3,2
24611,51.564243,-0.442852,UB10 8LJ,Connector 1,2
24611,51.564243,-0.442852,UB10 8LJ,Connector 2,1
24611,51.564243,-0.442852,UB10 8LJ,Connector 3,2
24612,51.806892,-1.300696,OX5 1PJ,Connector 1,0
24612,51.806892,-1.300696,OX5 1PJ,Connector 2,0
24612,51.806892,-1.300696,OX5 1PJ,Connector 3,0
24613,51.309677,-0.299971,KT21 2AD,Connector 1,0
24613,51.309677,-0.299971,KT21 2AD,Connector 2,0
24613,51.309677,-0.299971,KT21 2AD,Connector 3,0
24614,53.642548,-1.451184,WF2 6PW,Connector 1,0
24614,53.642548,-1.451184,WF2 6PW,Connector 2,0
24614,53.642548,-1.451184,WF2 6PW,Connector 3,0
24615,51.748589,-0.433209,HP3 8QE,Connector 1,1
24615,51.748589,-0.433209,HP3 8QE,Connector 2,2
24615,51.748589,-0.433209,HP3 8QE,Connector 3,2
24616,52.146900,-0.469900,MK41 2TB,Connector 1,0
24616,52.146900,-0.469900,MK41 2TB,Connector 2,0
24616,52.146900,-0.469900,MK41 2TB,Connector 3,0
24618,51.474899,-2.724000,BS20 7TN,Connector 1,2
24618,51.474899,-2.724000,BS20 7TN,Connector 2,2
24618,51.474899,-2.724000,BS20 7TN,Connector 3,2
24619,52.876446,-1.503376,DE24 3JG,Connector 1,0
24619,52.876446,-1.503376,DE24 3JG,Connector 2,0
24619,52.876446,-1.503376,DE24 3JG,Connector 3,0
24620,51.280739,0.519240,ME14 2RF,Connector 1,0
24620,51.280739,0.519240,ME14 2RF,Connector 2,0
24620,51.280739,0.519240,ME14 2RF,Connector 3,0
24621,51.429539,-0.420552,TW16 7LB,Connector 1,0
24621,51.429539,-0.420552,TW16 7LB,Connector 2,0
24621,51.429539,-0.420552,TW16 7LB,Connector 3,0
24622,51.283314,-0.961309,RG27 9DZ,Connector 1,1
24622,51.283314,-0.961309,RG27 9DZ,Connector 2,2
24622,51.283314,-0.961309,RG27 9DZ,Connector 3,2
24623,51.389038,-0.484941,KT16 8LF,Connector 1,0
24623,51.389038,-0.484941,KT16 8LF,Connector 2,0
24623,51.389038,-0.484941,KT16 8LF,Connector 3,0
24624,51.416611,0.002390,BR1 4JD,Connector 1,2
24624,51.416611,0.002390,BR1 4JD,Connector 2,2
24624,51.416611,0.002390,BR1 4JD,Connector 3,2
24625,51.599873,-0.670522,HP9 1UD,Connector 1,1
24625,51.599873,-0.670522,HP9 1UD,Connector 2,2
24625,51.599873,-0.670522,HP9 1UD,Connector 3,2
24626,51.283379,0.169965,TN13 2EN,Connector 1,0
24626,51.283379,0.169965,TN13 2EN,Connector 2,0
24626,51.283379,0.169965,TN13 2EN,Connector 3,0
24627,54.438335,-2.592215,CA10 3SS,Connector 1,0
24627,54.438335,-2.592215,CA10 3SS,Connector 2,0
24627,54.438335,-2.592215,CA10 3SS,Connector 3,0
24628,51.354935,-2.743447,BS40 5RB,Connector 1,0
24628,51.354935,-2.743447,BS40 5RB,Connector 2,0
24628,51.354935,-2.743447,BS40 5RB,Connector 3,0
24629,53.092079,-3.803240,LL24 0AY,Connector 1,0
24629,53.092079,-3.803240,LL24 0AY,Connector 2,0
24629,53.092079,-3.803240,LL24 0AY,Connector 3,0
24630,51.546803,-2.559432,BS32 4QB,Connector 1,0
24630,51.546803,-2.559432,BS32 4QB,Connector 2,0
24630,51.546803,-2.559432,BS32 4QB,Connector 3,0
24631,53.784958,-2.752015,PR4 0NZ,Connector 1,0
24631,53.784958,-2.752015,PR4 0NZ,Connector 2,2
24631,53.784958,-2.752015,PR4 0NZ,Connector 3,0
24632,52.944401,-1.503000,DE22 2TF,Connector 1,0
24632,52.944401,-1.503000,DE22 2TF,Connector 2,0
24632,52.944401,-1.503000,DE22 2TF,Connector 3,0
24633,51.559219,-0.121351,N7 6JD,Connector 1,0
24633,51.559219,-0.121351,N7 6JD,Connector 2,0
24633,51.559219,-0.121351,N7 6JD,Connector 3,0
24634,51.397797,-3.332942,CF62 3BT,Connector 1,0
24634,51.397797,-3.332942,CF62 3BT,Connector 2,0
24634,51.397797,-3.332942,CF62 3BT,Connector 3,0
24635,53.664398,-1.507200,WF2 7AW,Connector 1,0
24635,53.664398,-1.507200,WF2 7AW,Connector 2,0
24635,53.664398,-1.507200,WF2 7AW,Connector 3,0
24636,53.583664,-2.536563,BL6 6JA,Connector 1,0
24636,53.583664,-2.536563,BL6 6JA,Connector 2,0
24636,53.583664,-2.536563,BL6 6JA,Connector 3,0
24637,52.941242,-1.431460,DE21 2HT,Connector 1,0
24637,52.941242,-1.431460,DE21 2HT,Connector 2,0
24637,52.941242,-1.431460,DE21 2HT,Connector 3,0
24638,51.330944,0.148949,TN14 7AD,Connector 1,2
24638,51.330944,0.148949,TN14 7AD,Connector 2,1
24638,51.330944,0.148949,TN14 7AD,Connector 3,2
24639,55.860310,-4.291145,G3 8QT,Connector 1,2
24639,55.860310,-4.291145,G3 8QT,Connector 2,2
24639,55.860310,-4.291145,G3 8QT,Connector 3,2
24640,53.245602,-1.443000,S41 7AA,Connector 1,0
24640,53.245602,-1.443000,S41 7AA,Connector 2,0
24640,53.245602,-1.443000,S41 7AA,Connector 3,0
24641,51.526199,-2.614300,BS10 7TL,Connector 1,0
24641,51.526199,-2.614300,BS10 7TL,Connector 2,0
24641,51.526199,-2.614300,BS10 7TL,Connector 3,0
24642,53.564991,-3.057287,L37 7DL,Connector 1,0
24642,53.564991,-3.057287,L37 7DL,Connector 2,0
24642,53.564991,-3.057287,L37 7DL,Connector 3,0
24643,51.293629,-0.805584,GU51 2SH,Connector 1,0
24643,51.293629,-0.805584,GU51 2SH,Connector 2,0
24643,51.293629,-0.805584,GU51 2SH,Connector 3,0
24644,51.349369,-0.100396,CR2 6ES,Connector 1,1
24644,51.349369,-0.100396,CR2 6ES,Connector 2,2
24644,51.349369,-0.100396,CR2 6ES,Connector 3,2
24645,51.728275,0.468474,CM2 0LD,Connector 1,1
24645,51.728275,0.468474,CM2 0LD,Connector 2,2
24645,51.728275,0.468474,CM2 0LD,Connector 3,2
24646,51.053558,-0.200995,RH17 6BP,Connector 1,0
24646,51.053558,-0.200995,RH17 6BP,Connector 2,0
24646,51.053558,-0.200995,RH17 6BP,Connector 3,0
24647,51.499195,-2.503604,BS16 6NH,Connector 1,0
24647,51.499195,-2.503604,BS16 6NH,Connector 2,0
24647,51.499195,-2.503604,BS16 6NH,Connector 3,0
24648,51.665806,-0.361965,WD25 8AD,Connector 1,0
24648,51.665806,-0.361965,WD25 8AD,Connector 2,0
24648,51.665806,-0.361965,WD25 8AD,Connector 3,0
24649,51.352833,-2.908002,BS22 6DB,Connector 1,0
24649,51.352833,-2.908002,BS22 6DB,Connector 2,0
24649,51.352833,-2.908002,BS22 6DB,Connector 3,0
24650,51.360889,-0.694948,GU19 5EG,Connector 1,1
24650,51.360889,-0.694948,GU19 5EG,Connector 2,2
24650,51.360889,-0.694948,GU19 5EG,Connector 3,2
24651,53.502808,-1.081148,DN4 7BS,Connector 1,0
24651,53.502808,-1.081148,DN4 7BS,Connector 2,0
24651,53.502808,-1.081148,DN4 7BS,Connector 3,0
24654,52.588833,-2.264403,WV6 7BQ,Connector 1,0
24654,52.588833,-2.264403,WV6 7BQ,Connector 2,0
24654,52.588833,-2.264403,WV6 7BQ,Connector 3,0
24655,52.002834,-0.794051,MK4 4DD,Connector 1,2
24655,52.002834,-0.794051,MK4 4DD,Connector 2,2
24655,52.002834,-0.794051,MK4 4DD,Connector 3,2
24656,50.747952,-1.829284,BH8 9UQ,Connector 1,0
24656,50.747952,-1.829284,BH8 9UQ,Connector 2,0
24656,50.747952,-1.829284,BH8 9UQ,Connector 3,0
24658,52.186321,-0.891303,NN4 5EZ,Connector 1,1
24658,52.186321,-0.891303,NN4 5EZ,Connector 2,2
24658,52.186321,-0.891303,NN4 5EZ,Connector 3,2
24659,51.731209,0.477467,CM2 0WP,Connector 1,0
24659,51.731209,0.477467,CM2 0WP,Connector 2,0
24659,51.731209,0.477467,CM2 0WP,Connector 3,0
24660,52.924755,-1.110812,NG2 6LS,Connector 1,0
24660,52.924755,-1.110812,NG2 6LS,Connector 2,0
24660,52.924755,-1.110812,NG2 6LS,Connector 3,0
24661,51.619999,-1.300100,OX14 4FP,Connector 1,0
24661,51.619999,-1.300100,OX14 4FP,Connector 2,0
24661,51.619999,-1.300100,OX14 4FP,Connector 3,0
24662,52.582718,-1.192390,LE19 2BJ,Connector 1,2
24662,52.582718,-1.192390,LE19 2BJ,Connector 2,2
24662,52.582718,-1.192390,LE19 2BJ,Connector 3,1
24664,51.094429,-4.124412,EX31 4AX,Connector 1,0
24664,51.094429,-4.124412,EX31 4AX,Connector 2,0
24664,51.094429,-4.124412,EX31 4AX,Connector 3,0
24665,51.603268,-1.782284,SN25 4DL,Connector 1,0
24665,51.603268,-1.782284,SN25 4DL,Connector 2,0
24665,51.603268,-1.782284,SN25 4DL,Connector 3,0
24668,51.428699,-0.469700,TW15 2SS,Connector 1,0
24668,51.428699,-0.469700,TW15 2SS,Connector 2,0
24668,51.428699,-0.469700,TW15 2SS,Connector 3,0
24669,51.710922,-0.449330,WD4 9HT,Connector 1,0
24669,51.710922,-0.449330,WD4 9HT,Connector 2,0
24669,51.710922,-0.449330,WD4 9HT,Connector 3,0
24670,53.145271,-1.193956,NG18 1NJ,Connector 1,0
24670,53.145271,-1.193956,NG18 1NJ,Connector 2,0
24670,53.145271,-1.193956,NG18 1NJ,Connector 3,0
24671,53.128601,-1.229900,NG17 4PA,Connector 1,0
24671,53.128601,-1.229900,NG17 4PA,Connector 2,0
24671,53.128601,-1.229900,NG17 4PA,Connector 3,0
24672,53.553516,-0.073954,DN32 9RT,Connector 1,0
24672,53.553516,-0.073954,DN32 9RT,Connector 2,0
24672,53.553516,-0.073954,DN32 9RT,Connector 3,0
24673,54.968380,-2.463970,NE49 9HN,Connector 1,2
24673,54.968380,-2.463970,NE49 9HN,Connector 2,2
24673,54.968380,-2.463970,NE49 9HN,Connector 3,2
24674,52.028744,-0.748869,MK6 5EJ,Connector 1,2
24674,52.028744,-0.748869,MK6 5EJ,Connector 2,1
24674,52.028744,-0.748869,MK6 5EJ,Connector 3,2
24675,51.353500,-0.470700,KT13 0SL,Connector 1,0
24675,51.353500,-0.470700,KT13 0SL,Connector 2,0
24675,51.353500,-0.470700,KT13 0SL,Connector 3,0
24677,51.325630,-0.732780,GU15 1HS,Connector 1,0
24677,51.325630,-0.732780,GU15 1HS,Connector 2,0
24677,51.325630,-0.732780,GU15 1HS,Connector 3,0
24678,51.439053,-2.635746,BS41 9LX,Connector 1,0
24678,51.439053,-2.635746,BS41 9LX,Connector 2,0
24678,51.439053,-2.635746,BS41 9LX,Connector 3,0
24679,53.077702,-0.806000,NG24 1JR,Connector 1,0
24679,53.077702,-0.806000,NG24 1JR,Connector 2,0
24679,53.077702,-0.806000,NG24 1JR,Connector 3,0
24680,51.544605,-0.371117,UB5 6AA,Connector 1,0
24680,51.544605,-0.371117,UB5 6AA,Connector 2,0
24680,51.544605,-0.371117,UB5 6AA,Connector 3,0
24681,50.916679,-1.577176,SO40 2NR,Connector 1,2
24681,50.916679,-1.577176,SO40 2NR,Connector 2,2
24681,50.916679,-1.577176,SO40 2NR,Connector 3,2
24682,51.806339,-2.552257,GL16 7EL,Connector 1,2
24682,51.806339,-2.552257,GL16 7EL,Connector 2,0
24682,51.806339,-2.552257,GL16 7EL,Connector 3,0
24683,51.286633,0.548608,ME14 3EN,Connector 1,0
24683,51.286633,0.548608,ME14 3EN,Connector 2,0
24683,51.286633,0.548608,ME14 3EN,Connector 3,0
24684,51.286659,0.548651,ME14 3EN,Connector 1,2
24684,51.286659,0.548651,ME14 3EN,Connector 2,1
24684,51.286659,0.548651,ME14 3EN,Connector 3,2
24685,51.286659,0.549012,ME14 3EN,Connector 1,0
24685,51.286659,0.549012,ME14 3EN,Connector 2,0
24685,51.286659,0.549012,ME14 3EN,Connector 3,0
24686,50.876301,-1.578100,SO43 7AS,Connector 1,0
24686,50.876301,-1.578100,SO43 7AS,Connector 2,0
24686,50.876301,-1.578100,SO43 7AS,Connector 3,0
24687,51.374359,-0.050718,CR0 8BF,Connector 1,0
24687,51.374359,-0.050718,CR0 8BF,Connector 2,0
24687,51.374359,-0.050718,CR0 8BF,Connector 3,0
24690,51.590038,-0.142393,N10 3QP,Connector 1,0
24690,51.590038,-0.142393,N10 3QP,Connector 2,0
24690,51.590038,-0.142393,N10 3QP,Connector 3,0
24692,50.708920,-3.463917,EX2 7JL,Connector 1,0
24692,50.708920,-3.463917,EX2 7JL,Connector 2,0
24692,50.708920,-3.463917,EX2 7JL,Connector 3,0
24693,52.353565,0.500628,IP28 7DE,Connector 1,0
24693,52.353565,0.500628,IP28 7DE,Connector 2,0
24693,52.353565,0.500628,IP28 7DE,Connector 3,0
24694,51.280716,-0.737966,GU14 6LR,Connector 1,0
24694,51.280716,-0.737966,GU14 6LR,Connector 2,0
24694,51.280716,-0.737966,GU14 6LR,Connector 3,0
24696,50.842232,-0.873767,PO18 8PW,Connector 1,2
24696,50.842232,-0.873767,PO18 8PW,Connector 2,2
24696,50.842232,-0.873767,PO18 8PW,Connector 3,2
24697,50.811405,-0.802776,PO20 7EH,Connector 1,0
24697,50.811405,-0.802776,PO20 7EH,Connector 2,0
24697,50.811405,-0.802776,PO20 7EH,Connector 3,0
24698,51.218983,-0.569300,GU4 8BU,Connector 1,2
24698,51.218983,-0.569300,GU4 8BU,Connector 2,2
24698,51.218983,-0.569300,GU4 8BU,Connector 3,2
24699,52.410519,-1.780771,B91 3QD,Connector 1,0
24699,52.410519,-1.780771,B91 3QD,Connector 2,0
24699,52.410519,-1.780771,B91 3QD,Connector 3,0
24700,52.035080,-0.768257,MK9 1AT,Connector 1,2
24700,52.035080,-0.768257,MK9 1AT,Connector 2,2
24700,52.035080,-0.768257,MK9 1AT,Connector 3,2
11124,52.026917,-0.675490,MK17 8LU,Socket 1,0
11124,52.026917,-0.675490,MK17 8LU,Socket 2,0
11125,52.026962,-0.675516,MK17 8LU,Socket 1,0
11125,52.026962,-0.675516,MK17 8LU,Socket 2,0
11126,52.027008,-0.675522,MK17 8LU,Socket 1,0
11126,52.027008,-0.675522,MK17 8LU,Socket 2,0
11129,52.046040,-0.676501,MK10 7AL,Socket 1,0
11129,52.046040,-0.676501,MK10 7AL,Socket 2,1
11130,52.045998,-0.676551,MK10 7AL,Socket 1,1
11130,52.045998,-0.676551,MK10 7AL,Socket 2,1
11161,53.050480,-2.191324,ST6 1AW,Socket 1,0
11161,53.050480,-2.191324,ST6 1AW,Socket 2,0
11162,53.050568,-2.191473,ST6 1AW,Socket 1,1
11162,53.050568,-2.191473,ST6 1AW,Socket 2,0
294,51.521099,-0.087515,EC2A 1AD,Socket 1,1
294,51.521099,-0.087515,EC2A 1AD,Socket 2,0
11166,51.502945,-0.083367,SE1 3QU,Socket 1,0
11166,51.502945,-0.083367,SE1 3QU,Socket 2,0
11167,51.502956,-0.083762,SE1 3QU,Socket 1,0
11167,51.502956,-0.083762,SE1 3QU,Socket 2,0
11168,51.502945,-0.083367,SE1 3QU,Socket 1,0
11168,51.502945,-0.083367,SE1 3QU,Socket 2,0
11169,51.502995,-0.083823,SE1 3QU,Socket 1,0
11169,51.502995,-0.083823,SE1 3QU,Socket 2,0
11170,51.502979,-0.083284,SE1 3QU,Socket 1,0
11170,51.502979,-0.083284,SE1 3QU,Socket 2,0
11142,53.252274,-4.307998,LL77 7JA,Socket 1,0
11142,53.252274,-4.307998,LL77 7JA,Socket 2,0
11143,53.252277,-4.308085,LL77 7JA,Socket 1,0
11143,53.252277,-4.308085,LL77 7JA,Socket 2,0
11144,53.252262,-4.308213,LL77 7JA,Socket 1,0
11144,53.252262,-4.308213,LL77 7JA,Socket 2,0
11148,51.674114,-0.604068,HP6 5AP,Socket 1,1
11148,51.674114,-0.604068,HP6 5AP,Socket 2,0
11147,51.674129,-0.604169,HP6 5AP,Socket 1,0
11147,51.674129,-0.604169,HP6 5AP,Socket 2,0
11180,52.949200,-1.113900,NG2 4BE,Socket 1,0
11180,52.949200,-1.113900,NG2 4BE,Socket 2,0
11181,51.147144,0.868639,TN23 1NR,Socket 1,2
11181,51.147144,0.868639,TN23 1NR,Socket 2,2
11149,51.850510,-0.397584,LU1 3TQ,Socket 1,0
11149,51.850510,-0.397584,LU1 3TQ,Socket 2,0
11150,51.887604,-0.518672,LU5 4RP,Socket 1,0
11150,51.887604,-0.518672,LU5 4RP,Socket 2,0
11151,53.470036,-2.923381,L10 1LX,Socket 1,0
11151,53.470036,-2.923381,L10 1LX,Socket 2,0
11152,53.470100,-2.923404,L10 1LX,Socket 1,0
11152,53.470100,-2.923404,L10 1LX,Socket 2,0
11153,51.856308,-0.398156,LU1 3TQ,Socket 1,0
11153,51.856308,-0.398156,LU1 3TQ,Socket 2,0
11187,51.502056,-0.271297,W3 8YG,Socket 1,0
11187,51.502056,-0.271297,W3 8YG,Socket 2,0
11191,53.452934,-2.613881,WA12 8BF,Socket 1,0
11191,53.452934,-2.613881,WA12 8BF,Socket 2,0
11192,53.452946,-2.613825,WA12 8BF,Socket 1,0
11192,53.452946,-2.613825,WA12 8BF,Socket 2,0
11154,52.815338,-2.084680,ST18 0GE,Socket 1,0
11154,52.815338,-2.084680,ST18 0GE,Socket 2,0
11155,52.137962,-0.473255,MK40 1JD,Socket 1,1
11155,52.137962,-0.473255,MK40 1JD,Socket 2,0
11156,51.854382,-0.379172,LU1 3TQ,Socket 1,2
11156,51.854382,-0.379172,LU1 3TQ,Socket 2,2
1951,51.950001,-0.282602,SG5 2UG,Socket 1,1
1951,51.950001,-0.282602,SG5 2UG,Socket 2,0
11198,54.965286,-1.453047,NE34 3PE,Socket 1,0
11198,54.965286,-1.453047,NE34 3PE,Socket 2,0
11200,54.994598,-1.418600,NE33 3PE,Socket 1,0
11200,54.994598,-1.418600,NE33 3PE,Socket 2,0
11201,54.994701,-1.417500,NE33 3PE,Socket 1,0
11201,54.994701,-1.417500,NE33 3PE,Socket 2,0
1758,51.478500,-0.197675,SW6 1LX,Socket 1,0
1758,51.478500,-0.197675,SW6 1LX,Socket 2,1
11202,54.966831,-1.498140,NE32 5NJ,Socket 1,0
11202,54.966831,-1.498140,NE32 5NJ,Socket 2,0
11203,54.971889,-1.409650,NE34 8PS,Socket 1,0
11203,54.971889,-1.409650,NE34 8PS,Socket 2,0
11135,52.045868,-0.749715,MK9 3XL,Socket 1,2
11135,52.045868,-0.749715,MK9 3XL,Socket 2,2
11136,52.045483,-0.750420,MK9 3XL,Socket 1,0
11136,52.045483,-0.750420,MK9 3XL,Socket 2,0
11137,52.045574,-0.750663,MK9 3XL,Socket 1,0
11137,52.045574,-0.750663,MK9 3XL,Socket 2,0
11140,52.045876,-0.749903,MK9 3XL,Socket 1,0
11140,52.045876,-0.749903,MK9 3XL,Socket 2,0
11222,51.978443,-0.734571,MK3 5GF,Socket 1,0
11222,51.978443,-0.734571,MK3 5GF,Socket 2,0
581,50.824100,-0.139681,BN1 1US,Socket 1,1
581,50.824100,-0.139681,BN1 1US,Socket 2,0
11223,51.515354,-0.292792,W5 2TP,Socket 1,0
11223,51.515354,-0.292792,W5 2TP,Socket 2,0
11252,54.760479,-1.318430,SR8 5AH,Socket 1,0
11252,54.760479,-1.318430,SR8 5AH,Socket 2,2
1753,51.480301,-0.199658,SW6 1LX,Socket 1,1
1753,51.480301,-0.199658,SW6 1LX,Socket 2,0
11235,52.026157,-0.737833,MK6 5LD,Socket 1,0
11235,52.026157,-0.737833,MK6 5LD,Socket 2,0
11237,52.025513,-0.738238,MK6 5LD,Socket 1,0
11237,52.025513,-0.738238,MK6 5LD,Socket 2,1
11238,52.025478,-0.738211,MK6 5LD,Socket 1,0
11238,52.025478,-0.738211,MK6 5LD,Socket 2,0
11239,54.069977,-2.875190,LA4 4DG,Socket 1,0
11239,54.069977,-2.875190,LA4 4DG,Socket 2,0
11266,55.785969,-4.423797,G78 3NN,Socket 1,0
11266,55.785969,-4.423797,G78 3NN,Socket 2,0
11267,52.092525,-1.950968,WR11 4BD,Socket 1,1
11267,52.092525,-1.950968,WR11 4BD,Socket 2,1
11286,53.249809,-4.304866,LL77 7XA,Socket 1,0
11286,53.249809,-4.304866,LL77 7XA,Socket 2,0
11287,53.249847,-4.304950,LL77 7XA,Socket 1,0
11287,53.249847,-4.304950,LL77 7XA,Socket 2,0
11288,53.249874,-4.305016,LL77 7XA,Socket 1,0
11288,53.249874,-4.305016,LL77 7XA,Socket 2,0
11289,53.249893,-4.305079,LL77 7XA,Socket 1,0
11289,53.249893,-4.305079,LL77 7XA,Socket 2,0
211,50.821999,-0.147306,BN1 2DX,Socket 1,2
211,50.821999,-0.147306,BN1 2DX,Socket 2,2
1204,52.038906,-0.763290,MK9 2EA,Socket 1,0
1204,52.038906,-0.763290,MK9 2EA,Socket 2,0
11302,54.970268,-1.609650,NE1 1PG,Socket 1,0
11302,54.970268,-1.609650,NE1 1PG,Socket 2,0
11328,52.923954,-1.481285,DE1 3NT,Socket 1,0
11328,52.923954,-1.481285,DE1 3NT,Socket 2,0
11330,53.155949,0.348265,PE25 1DN,Socket 1,0
11330,53.155949,0.348265,PE25 1DN,Socket 2,0
11339,53.550205,-2.101159,OL1 4AL,Socket 1,0
11339,53.550205,-2.101159,OL1 4AL,Socket 2,0
138,51.763599,-1.180990,OX3 8DP,Socket 1,1
138,51.763599,-1.180990,OX3 8DP,Socket 2,1
11344,52.041122,-0.756753,MK9 3GB,Socket 1,0
11344,52.041122,-0.756753,MK9 3GB,Socket 2,0
11345,52.041103,-0.756725,MK9 3GB,Socket 1,1
11345,52.041103,-0.756725,MK9 3GB,Socket 2,0
11346,52.041073,-0.756702,MK9 3GB,Socket 1,0
11346,52.041073,-0.756702,MK9 3GB,Socket 2,0
11347,52.041035,-0.756671,MK9 3GB,Socket 1,0
11347,52.041035,-0.756671,MK9 3GB,Socket 2,0
11348,52.041065,-0.756622,MK9 3GB,Socket 1,0
11348,52.041065,-0.756622,MK9 3GB,Socket 2,0
11349,52.041100,-0.756670,MK9 3GB,Socket 1,0
11349,52.041100,-0.756670,MK9 3GB,Socket 2,0
11359,52.092400,-1.949700,WR11 4BD,Socket 1,2
11359,52.092400,-1.949700,WR11 4BD,Socket 2,0
11360,51.398735,-1.219003,RG7 5UP,Socket 1,0
11360,51.398735,-1.219003,RG7 5UP,Socket 2,0
11387,51.916416,-2.582878,HR9 7DB,Socket 1,0
11387,51.916416,-2.582878,HR9 7DB,Socket 2,0
1438,50.813255,-0.103954,BN2 5UT,Socket 1,1
1438,50.813255,-0.103954,BN2 5UT,Socket 2,0
834,50.813229,-0.103958,BN2 5UT,Socket 1,0
834,50.813229,-0.103958,BN2 5UT,Socket 2,0
11365,49.180271,-2.107720,JE2 4XW,Socket 1,0
11365,49.180271,-2.107720,JE2 4XW,Socket 2,0
1435,52.043106,-0.758510,MK9 3AF,Socket 1,0
1435,52.043106,-0.758510,MK9 3AF,Socket 2,1
11411,52.148678,-1.902714,WR11 8UT,Socket 1,0
11411,52.148678,-1.902714,WR11 8UT,Socket 2,0
11379,52.138180,-0.471703,MK40 1LX,Socket 1,2
11379,52.138180,-0.471703,MK40 1LX,Socket 2,2
11380,52.138180,-0.471871,MK40 1LX,Socket 1,0
11380,52.138180,-0.471871,MK40 1LX,Socket 2,0
1423,52.139809,-0.461931,MK40 2PR,Socket 1,0
1423,52.139809,-0.461931,MK40 2PR,Socket 2,0
11377,52.112202,-0.478600,MK42 9XF,Socket 1,2
11377,52.112202,-0.478600,MK42 9XF,Socket 2,2
11378,52.112267,-0.478597,MK42 9XF,Socket 1,0
11378,52.112267,-0.478597,MK42 9XF,Socket 2,0
1421,52.131638,-0.470134,MK42 9AP,Socket 1,0
1421,52.131638,-0.470134,MK42 9AP,Socket 2,0
1312,52.120083,-0.491924,MK42 8DD,Socket 1,0
1312,52.120083,-0.491924,MK42 8DD,Socket 2,0
11435,51.667046,-0.563460,HP7 9PH,Socket 1,0
11435,51.667046,-0.563460,HP7 9PH,Socket 2,0
11383,52.172817,-0.658017,MK46 4HA,Socket 1,0
11383,52.172817,-0.658017,MK46 4HA,Socket 2,0
11459,49.180290,-2.107610,JE2 3QF,Socket 1,0
11459,49.180290,-2.107610,JE2 3QF,Socket 2,0
11463,49.185261,-2.110430,JE2 3QF,Socket 1,0
11463,49.185261,-2.110430,JE2 3QF,Socket 2,0
11487,52.062698,-0.828200,MK12 5NH,Socket 1,1
11487,52.062698,-0.828200,MK12 5NH,Socket 2,0
489,51.478298,-3.170320,CF10 4FF,Socket 1,0
489,51.478298,-3.170320,CF10 4FF,Socket 2,0
11486,52.329487,-2.266195,DY13 9QB,Socket 1,0
11486,52.329487,-2.266195,DY13 9QB,Socket 2,0
11484,51.604000,-2.921700,NP18 2LX,Socket 1,0
11484,51.604000,-2.921700,NP18 2LX,Socket 2,0
11430,51.368801,0.578300,ME8 0PU,Socket 1,0
11430,51.368801,0.578300,ME8 0PU,Socket 2,0
11451,52.999699,-1.174400,NG5 5GU,Socket 1,0
11451,52.999699,-1.174400,NG5 5GU,Socket 2,0
11452,52.999706,-1.174369,NG5 5GU,Socket 1,0
11452,52.999706,-1.174369,NG5 5GU,Socket 2,0
11453,52.999706,-1.174330,NG5 5GU,Socket 1,0
11453,52.999706,-1.174330,NG5 5GU,Socket 2,0
11454,52.999702,-1.174286,NG5 5GU,Socket 1,0
11454,52.999702,-1.174286,NG5 5GU,Socket 2,0
11440,52.942348,-1.149584,NG2 2DF,Socket 1,0
11440,52.942348,-1.149584,NG2 2DF,Socket 2,0
11441,52.942322,-1.149517,NG2 2DF,Socket 1,0
11441,52.942322,-1.149517,NG2 2DF,Socket 2,0
11442,52.942299,-1.149600,NG2 2DF,Socket 1,0
11442,52.942299,-1.149600,NG2 2DF,Socket 2,0
11436,52.982117,-1.144395,NG5 4BD,Socket 1,0
11436,52.982117,-1.144395,NG5 4BD,Socket 2,0
11437,52.982140,-1.144449,NG5 4BD,Socket 1,0
11437,52.982140,-1.144449,NG5 4BD,Socket 2,0
11438,52.982155,-1.144518,NG5 4BD,Socket 1,0
11438,52.982155,-1.144518,NG5 4BD,Socket 2,0
11439,52.982178,-1.144579,NG5 4BD,Socket 1,0
11439,52.982178,-1.144579,NG5 4BD,Socket 2,0
11443,52.957699,-1.175300,NG7 3PS,Socket 1,0
11443,52.957699,-1.175300,NG7 3PS,Socket 2,0
11444,52.957706,-1.175262,NG7 3PS,Socket 1,0
11444,52.957706,-1.175262,NG7 3PS,Socket 2,0
11445,52.957706,-1.175214,NG7 3PS,Socket 1,0
11445,52.957706,-1.175214,NG7 3PS,Socket 2,0
11446,52.957706,-1.175152,NG7 3PS,Socket 1,0
11446,52.957706,-1.175152,NG7 3PS,Socket 2,0
11475,52.967678,-1.172660,NG7 5EH,Socket 1,0
11475,52.967678,-1.172660,NG7 5EH,Socket 2,0
11476,52.967625,-1.172624,NG7 5EH,Socket 1,0
11476,52.967625,-1.172624,NG7 5EH,Socket 2,0
11477,52.967613,-1.172616,NG7 5EH,Socket 1,0
11477,52.967613,-1.172616,NG7 5EH,Socket 2,0
11478,52.967594,-1.172601,NG7 5EH,Socket 1,0
11478,52.967594,-1.172601,NG7 5EH,Socket 2,0
11500,52.626247,1.289142,NR2 1RU,Socket 1,2
11500,52.626247,1.289142,NR2 1RU,Socket 2,2
1000,51.863983,-0.407845,LU1 3LU,Connector 1,1
1000,51.863983,-0.407845,LU1 3LU,Connector 2,0
11501,52.626274,1.289172,NR2 1RU,Socket 1,2
11501,52.626274,1.289172,NR2 1RU,Socket 2,2
11502,52.626312,1.289234,NR2 1RU,Socket 1,2
11502,52.626312,1.289234,NR2 1RU,Socket 2,2
11422,52.967686,-2.679576,SY13 1QL,Socket 1,0
11422,52.967686,-2.679576,SY13 1QL,Socket 2,0
11423,52.421551,-3.023647,SY7 8HZ,Socket 1,2
11423,52.421551,-3.023647,SY7 8HZ,Socket 2,0
11424,52.908478,-2.486705,TF9 3AL,Socket 1,0
11424,52.908478,-2.486705,TF9 3AL,Socket 2,0
11425,52.716312,-2.747185,SY1 2HJ,Socket 1,0
11425,52.716312,-2.747185,SY1 2HJ,Socket 2,0
11426,52.717342,-2.746871,SY1 2HJ,Socket 1,0
11426,52.717342,-2.746871,SY1 2HJ,Socket 2,0
11464,53.260590,0.180750,LN13 9AF,Socket 1,1
11464,53.260590,0.180750,LN13 9AF,Socket 2,0
11468,53.368195,-0.001744,LN11 0LY,Socket 1,0
11468,53.368195,-0.001744,LN11 0LY,Socket 2,1
11465,53.105331,-0.173257,LN4 4SG,Socket 1,0
11465,53.105331,-0.173257,LN4 4SG,Socket 2,0
11467,53.369045,-0.004537,LN11 0LU,Socket 1,0
11467,53.369045,-0.004537,LN11 0LU,Socket 2,0
11466,53.210674,-0.117210,LN9 5DR,Socket 1,0
11466,53.210674,-0.117210,LN9 5DR,Socket 2,0
11471,53.143501,0.345800,PE25 2UG,Socket 1,0
11471,53.143501,0.345800,PE25 2UG,Socket 2,0
11472,53.141521,0.339158,PE25 3GA,Socket 1,0
11472,53.141521,0.339158,PE25 3GA,Socket 2,0
11474,53.152142,-0.215545,LN10 6TZ,Socket 1,1
11474,53.152142,-0.215545,LN10 6TZ,Socket 2,0
959,51.156635,0.290781,TN2 3EY,Socket 1,0
959,51.156635,0.290781,TN2 3EY,Socket 2,0
11469,53.339100,0.260820,LN12 2DT,Socket 1,0
11469,53.339100,0.260820,LN12 2DT,Socket 2,0
11470,53.338009,0.266292,LN12 2AD,Socket 1,2
11470,53.338009,0.266292,LN12 2AD,Socket 2,2
11473,53.173622,0.099845,PE23 5LH,Socket 1,0
11473,53.173622,0.099845,PE23 5LH,Socket 2,0
10766,52.043571,-0.698054,MK10 9BQ,Socket 1,1
10766,52.043571,-0.698054,MK10 9BQ,Socket 2,1
10767,52.043556,-0.698050,MK10 9BQ,Socket 1,0
10767,52.043556,-0.698050,MK10 9BQ,Socket 2,0
11070,51.610645,-0.424608,HA6 2XW,Socket 1,2
11070,51.610645,-0.424608,HA6 2XW,Socket 2,0
11531,52.998436,-1.255612,NG16 2NH,Socket 1,0
11531,52.998436,-1.255612,NG16 2NH,Socket 2,0
11532,52.998417,-1.255670,NG16 2NH,Socket 1,0
11532,52.998417,-1.255670,NG16 2NH,Socket 2,0
11527,53.018501,-1.305800,NG16 3AW,Socket 1,0
11527,53.018501,-1.305800,NG16 3AW,Socket 2,0
11530,53.018497,-1.305927,NG16 3AW,Socket 1,0
11530,53.018497,-1.305927,NG16 3AW,Socket 2,0
11528,53.018497,-1.305829,NG16 3AW,Socket 1,0
11528,53.018497,-1.305829,NG16 3AW,Socket 2,0
11529,53.018497,-1.305883,NG16 3AW,Socket 1,0
11529,53.018497,-1.305883,NG16 3AW,Socket 2,0
11511,52.988991,-1.207190,NG8 6AS,Socket 1,0
11511,52.988991,-1.207190,NG8 6AS,Socket 2,0
10649,53.387611,-2.590949,WA1 2HN,Socket 1,0
10649,53.387611,-2.590949,WA1 2HN,Socket 2,0
10650,53.387535,-2.591263,WA1 2HN,Socket 1,0
10650,53.387535,-2.591263,WA1 2HN,Socket 2,0
11512,52.989025,-1.207308,NG8 6AS,Socket 1,0
11512,52.989025,-1.207308,NG8 6AS,Socket 2,0
11513,52.989067,-1.207055,NG8 6AS,Socket 1,0
11513,52.989067,-1.207055,NG8 6AS,Socket 2,0
10651,51.559483,-0.689632,SL6 0JF,Socket 1,0
10651,51.559483,-0.689632,SL6 0JF,Socket 2,0
10652,53.387585,-2.590995,WA1 2HN,Socket 1,0
10652,53.387585,-2.590995,WA1 2HN,Socket 2,0
10653,53.387630,-2.590906,WA1 2HN,Socket 1,0
10653,53.387630,-2.590906,WA1 2HN,Socket 2,0
10654,53.387486,-2.591385,WA1 2HN,Socket 1,0
10654,53.387486,-2.591385,WA1 2HN,Socket 2,0
10655,51.296097,-0.328327,KT22 8AH,Socket 1,1
10655,51.296097,-0.328327,KT22 8AH,Socket 2,1
10656,53.387661,-2.590904,WA1 2HN,Socket 1,1
10656,53.387661,-2.590904,WA1 2HN,Socket 2,1
10657,53.387688,-2.590853,WA1 2HN,Socket 1,0
10657,53.387688,-2.590853,WA1 2HN,Socket 2,0
2082,52.040009,-0.760032,MK9 2EA,Socket 1,1
2082,52.040009,-0.760032,MK9 2EA,Socket 2,1
11540,52.928940,-1.273798,NG9 7HD,Socket 1,0
11540,52.928940,-1.273798,NG9 7HD,Socket 2,0
11541,52.928925,-1.273770,NG9 7HD,Socket 1,0
11541,52.928925,-1.273770,NG9 7HD,Socket 2,0
11542,52.928905,-1.273745,NG9 7HD,Socket 1,0
11542,52.928905,-1.273745,NG9 7HD,Socket 2,0
11543,52.928890,-1.273719,NG9 7HD,Socket 1,0
11543,52.928890,-1.273719,NG9 7HD,Socket 2,0
11580,52.963749,-1.076830,NG4 2HS,Socket 1,0
11580,52.963749,-1.076830,NG4 2HS,Socket 2,0
11581,52.963757,-1.076787,NG4 2HS,Socket 1,0
11581,52.963757,-1.076787,NG4 2HS,Socket 2,0
11582,52.963749,-1.076760,NG4 2HS,Socket 1,0
11582,52.963749,-1.076760,NG4 2HS,Socket 2,0
11586,52.965385,-1.110787,NG4 1HP,Socket 1,0
11586,52.965385,-1.110787,NG4 1HP,Socket 2,0
11587,52.965431,-1.110397,NG4 1HP,Socket 1,0
11587,52.965431,-1.110397,NG4 1HP,Socket 2,0
11588,52.965424,-1.110470,NG4 1HP,Socket 1,0
11588,52.965424,-1.110470,NG4 1HP,Socket 2,0
11589,52.965408,-1.110552,NG4 1HP,Socket 1,0
11589,52.965408,-1.110552,NG4 1HP,Socket 2,0
11566,53.037987,-1.198387,NG15 7TD,Socket 1,0
11566,53.037987,-1.198387,NG15 7TD,Socket 2,0
11567,53.037971,-1.198383,NG15 7TD,Socket 1,0
11567,53.037971,-1.198383,NG15 7TD,Socket 2,0
11568,53.037949,-1.198376,NG15 7TD,Socket 1,0
11568,53.037949,-1.198376,NG15 7TD,Socket 2,0
11569,53.037914,-1.198360,NG15 7TD,Socket 1,0
11569,53.037914,-1.198360,NG15 7TD,Socket 2,0
11544,52.928253,-1.212233,NG9 2LY,Socket 1,0
11544,52.928253,-1.212233,NG9 2LY,Socket 2,0
11545,52.928223,-1.212178,NG9 2LY,Socket 1,0
11545,52.928223,-1.212178,NG9 2LY,Socket 2,0
11546,52.928333,-1.212070,NG9 2LY,Socket 1,0
11546,52.928333,-1.212070,NG9 2LY,Socket 2,0
11518,52.929314,-1.163771,NG2 1AP,Socket 1,0
11518,52.929314,-1.163771,NG2 1AP,Socket 2,0
11547,52.928307,-1.212016,NG9 2LY,Socket 1,0
11547,52.928307,-1.212016,NG9 2LY,Socket 2,0
10659,53.387703,-2.590818,WA1 2HN,Socket 1,1
10659,53.387703,-2.590818,WA1 2HN,Socket 2,1
10660,53.387558,-2.591048,WA1 2HN,Socket 1,0
10660,53.387558,-2.591048,WA1 2HN,Socket 2,0
10661,53.387672,-2.590971,WA1 2HN,Socket 1,1
10661,53.387672,-2.590971,WA1 2HN,Socket 2,0
10663,53.387753,-2.590732,WA1 2HN,Socket 1,0
10663,53.387753,-2.590732,WA1 2HN,Socket 2,1
10664,53.387695,-2.590922,WA1 2HN,Socket 1,0
10664,53.387695,-2.590922,WA1 2HN,Socket 2,0
10665,53.387669,-2.590818,WA1 2HN,Socket 1,0
10665,53.387669,-2.590818,WA1 2HN,Socket 2,0
10667,53.387497,-2.591352,WA1 2HN,Socket 1,0
10667,53.387497,-2.591352,WA1 2HN,Socket 2,0
10668,53.387650,-2.590858,WA1 2HN,Socket 1,0
10668,53.387650,-2.590858,WA1 2HN,Socket 2,0
11520,52.929279,-1.163809,NG2 1AP,Socket 1,0
11520,52.929279,-1.163809,NG2 1AP,Socket 2,0
11519,52.929298,-1.163791,NG2 1AP,Socket 1,0
11519,52.929298,-1.163791,NG2 1AP,Socket 2,0
11521,52.929253,-1.163840,NG2 1AP,Socket 1,0
11521,52.929253,-1.163840,NG2 1AP,Socket 2,0
11522,52.929230,-1.163865,NG2 1AP,Socket 1,0
11522,52.929230,-1.163865,NG2 1AP,Socket 2,0
11523,52.929211,-1.163901,NG2 1AP,Socket 1,0
11523,52.929211,-1.163901,NG2 1AP,Socket 2,0
11524,52.929192,-1.163926,NG2 1AP,Socket 1,0
11524,52.929192,-1.163926,NG2 1AP,Socket 2,0
11525,52.929169,-1.163950,NG2 1AP,Socket 1,0
11525,52.929169,-1.163950,NG2 1AP,Socket 2,0
11526,52.929150,-1.163977,NG2 1AP,Socket 1,0
11526,52.929150,-1.163977,NG2 1AP,Socket 2,0
11035,52.917629,-1.263925,NG9 7JB,Socket 1,0
11035,52.917629,-1.263925,NG9 7JB,Socket 2,0
11036,52.917679,-1.263938,NG9 7JB,Socket 1,0
11036,52.917679,-1.263938,NG9 7JB,Socket 2,0
11038,52.917839,-1.263973,NG9 7JB,Socket 1,0
11038,52.917839,-1.263973,NG9 7JB,Socket 2,0
11037,52.917740,-1.263952,NG9 7JB,Socket 1,0
11037,52.917740,-1.263952,NG9 7JB,Socket 2,0
10410,52.021439,-0.734624,MK6 4HH,Socket 1,0
10410,52.021439,-0.734624,MK6 4HH,Socket 2,0
10759,52.034252,-0.712603,MK10 9PB,Socket 1,0
10759,52.034252,-0.712603,MK10 9PB,Socket 2,0
11115,52.064690,-0.791420,MK13 0AD,Socket 1,0
11115,52.064690,-0.791420,MK13 0AD,Socket 2,0
10492,52.159546,-0.702309,MK46 4BL,Socket 1,0
10492,52.159546,-0.702309,MK46 4BL,Socket 2,0
11034,52.917782,-1.263960,NG9 7JB,Socket 1,0
11034,52.917782,-1.263960,NG9 7JB,Socket 2,2
11029,52.895611,-1.192801,NG11 9GG,Socket 1,0
11029,52.895611,-1.192801,NG11 9GG,Socket 2,0
11030,52.895599,-1.192837,NG11 9GG,Socket 1,0
11030,52.895599,-1.192837,NG11 9GG,Socket 2,0
10243,52.965164,-1.166067,NG7 6AQ,Socket 1,0
10243,52.965164,-1.166067,NG7 6AQ,Socket 2,0
10244,52.965340,-1.165935,NG7 6AQ,Socket 1,0
10244,52.965340,-1.165935,NG7 6AQ,Socket 2,0
11031,52.895584,-1.192868,NG11 9GG,Socket 1,0
11031,52.895584,-1.192868,NG11 9GG,Socket 2,0
11032,52.895569,-1.192904,NG11 9GG,Socket 1,0
11032,52.895569,-1.192904,NG11 9GG,Socket 2,0
11033,52.895550,-1.192943,NG11 9GG,Socket 1,0
11033,52.895550,-1.192943,NG11 9GG,Socket 2,0
10934,51.420071,-0.079640,SE19 1SG,Socket 1,0
10934,51.420071,-0.079640,SE19 1SG,Socket 2,0
11634,51.430340,-0.104710,SE27 0JD,Socket 1,2
11634,51.430340,-0.104710,SE27 0JD,Socket 2,2
10935,51.505421,-0.110990,SE1 9PU,Socket 1,0
10935,51.505421,-0.110990,SE1 9PU,Socket 2,0
10754,51.463459,-0.143650,SW4 0RP,Socket 1,0
10754,51.463459,-0.143650,SW4 0RP,Socket 2,0
10853,51.434910,-0.129460,SW16 1JJ,Socket 1,0
10853,51.434910,-0.129460,SW16 1JJ,Socket 2,0
11256,51.453781,-0.137000,SW4 8QG,Socket 1,0
11256,51.453781,-0.137000,SW4 8QG,Socket 2,0
10817,51.469269,-0.095190,SE5 9RZ,Socket 1,0
10817,51.469269,-0.095190,SE5 9RZ,Socket 2,0
11563,51.468948,-0.129110,SW6 6NP,Socket 1,0
11563,51.468948,-0.129110,SW6 6NP,Socket 2,0
11564,51.424339,-0.084610,SE19 1AJ,Socket 1,0
11564,51.424339,-0.084610,SE19 1AJ,Socket 2,0
11565,51.455486,-0.099347,SE24 0EB,Socket 1,0
11565,51.455486,-0.099347,SE24 0EB,Socket 2,0
11106,52.973022,-1.178696,NG7 7NW,Socket 1,0
11106,52.973022,-1.178696,NG7 7NW,Socket 2,0
11107,52.972984,-1.178559,NG7 7NW,Socket 1,0
11107,52.972984,-1.178559,NG7 7NW,Socket 2,0
11108,52.972984,-1.178457,NG7 7NW,Socket 1,0
11108,52.972984,-1.178457,NG7 7NW,Socket 2,0
11109,52.972992,-1.178374,NG7 7NW,Socket 1,0
11109,52.972992,-1.178374,NG7 7NW,Socket 2,0
11110,52.972988,-1.178256,NG7 7NW,Socket 1,0
11110,52.972988,-1.178256,NG7 7NW,Socket 2,0
11111,52.972992,-1.178148,NG7 7NW,Socket 1,0
11111,52.972992,-1.178148,NG7 7NW,Socket 2,0
11179,55.306660,-1.913560,NE65 7RW,Socket 1,0
11179,55.306660,-1.913560,NE65 7RW,Socket 2,0
11112,52.973007,-1.177743,NG7 7NW,Socket 1,0
11112,52.973007,-1.177743,NG7 7NW,Socket 2,0
11113,52.972996,-1.178068,NG7 7NW,Socket 1,0
11113,52.972996,-1.178068,NG7 7NW,Socket 2,0
11114,52.972996,-1.177969,NG7 7NW,Socket 1,0
11114,52.972996,-1.177969,NG7 7NW,Socket 2,0
11604,52.135254,-0.470063,MK40 1PX,Socket 1,0
11604,52.135254,-0.470063,MK40 1PX,Socket 2,0
11605,52.135246,-0.470101,MK40 1PX,Socket 1,0
11605,52.135246,-0.470101,MK40 1PX,Socket 2,0
11606,52.140842,-0.469517,MK40 2HA,Socket 1,0
11606,52.140842,-0.469517,MK40 2HA,Socket 2,0
11607,53.130299,0.338300,PE25 3AB,Socket 1,0
11607,53.130299,0.338300,PE25 3AB,Socket 2,0
11608,52.140854,-0.469421,MK40 2HA,Socket 1,0
11608,52.140854,-0.469421,MK40 2HA,Socket 2,0
11611,57.033680,-2.179810,AB39 8BF,Socket 1,0
11611,57.033680,-2.179810,AB39 8BF,Socket 2,0
10677,53.514210,-1.102917,DN4 7NW,Socket 1,0
10677,53.514210,-1.102917,DN4 7NW,Socket 2,2
10673,53.514183,-1.102853,DN4 7NW,Socket 1,0
10673,53.514183,-1.102853,DN4 7NW,Socket 2,0
11602,51.829258,-0.213413,AL6 9ER,Socket 1,2
11602,51.829258,-0.213413,AL6 9ER,Socket 2,2
10674,53.514046,-1.102597,DN4 7NW,Socket 1,0
10674,53.514046,-1.102597,DN4 7NW,Socket 2,0
10675,53.514091,-1.102681,DN4 7NW,Socket 1,0
10675,53.514091,-1.102681,DN4 7NW,Socket 2,0
10676,53.514137,-1.102769,DN4 7NW,Socket 1,0
10676,53.514137,-1.102769,DN4 7NW,Socket 2,0
10672,52.050598,-2.717700,HR2 7RQ,Socket 1,0
10672,52.050598,-2.717700,HR2 7RQ,Socket 2,0
11626,52.192459,-2.215999,WR1 2DT,Socket 1,0
11626,52.192459,-2.215999,WR1 2DT,Socket 2,0
11627,52.059677,-2.726780,HR4 0LE,Socket 1,0
11627,52.059677,-2.726780,HR4 0LE,Socket 2,0
11628,52.059639,-2.726809,HR4 0LE,Socket 1,1
11628,52.059639,-2.726809,HR4 0LE,Socket 2,0
11669,53.360760,-4.275374,LL70 9PQ,Socket 1,0
11669,53.360760,-4.275374,LL70 9PQ,Socket 2,0
11603,52.043678,-0.819358,MK11 1XN,Socket 1,1
11603,52.043678,-0.819358,MK11 1XN,Socket 2,0
11630,51.518902,-0.613216,SL1 4UT,Socket 1,0
11630,51.518902,-0.613216,SL1 4UT,Socket 2,0
11629,51.518833,-0.613212,SL1 4UT,Socket 1,0
11629,51.518833,-0.613212,SL1 4UT,Socket 2,0
11631,51.518948,-0.613227,SL1 4UT,Socket 1,0
11631,51.518948,-0.613227,SL1 4UT,Socket 2,0
11632,51.518990,-0.613249,SL1 4UT,Socket 1,0
11632,51.518990,-0.613249,SL1 4UT,Socket 2,0
11633,51.519028,-0.613257,SL1 4UT,Socket 1,0
11633,51.519028,-0.613257,SL1 4UT,Socket 2,2
3775,52.487110,-0.706261,NN17 1QG,Socket 1,0
3775,52.487110,-0.706261,NN17 1QG,Socket 2,0
11591,51.097382,0.535100,TN17 3JX,Socket 1,0
11591,51.097382,0.535100,TN17 3JX,Socket 2,0
11592,51.097752,0.535589,TN17 3JX,Socket 1,0
11592,51.097752,0.535589,TN17 3JX,Socket 2,0
11593,51.097717,0.535450,TN17 3JX,Socket 1,0
11593,51.097717,0.535450,TN17 3JX,Socket 2,0
11640,52.056099,-2.711900,HR1 2HP,Socket 1,0
11640,52.056099,-2.711900,HR1 2HP,Socket 2,0
11641,52.206345,-1.180190,NN11 3BA,Socket 1,0
11641,52.206345,-1.180190,NN11 3BA,Socket 2,0
11663,55.498280,-4.564788,KA9 2SP,Socket 1,0
11663,55.498280,-4.564788,KA9 2SP,Socket 2,0
2629,52.039986,-0.756034,MK9 3DR,Socket 1,0
2629,52.039986,-0.756034,MK9 3DR,Socket 2,1
11703,54.578735,-2.475790,CA16 6JB,Socket 1,1
11703,54.578735,-2.475790,CA16 6JB,Socket 2,0
11645,52.138020,-0.464940,MK40 3HZ,Socket 1,0
11645,52.138020,-0.464940,MK40 3HZ,Socket 2,0
2140,52.042923,-0.749247,MK9 3JT,Socket 1,0
2140,52.042923,-0.749247,MK9 3JT,Socket 2,1
11723,52.988960,-1.320432,DE7 8LN,Socket 1,0
11723,52.988960,-1.320432,DE7 8LN,Socket 2,0
11692,54.048000,-2.796200,LA1 1PU,Socket 1,1
11692,54.048000,-2.796200,LA1 1PU,Socket 2,0
11693,54.045059,-2.798422,LA1 1XU,Socket 1,0
11693,54.045059,-2.798422,LA1 1XU,Socket 2,0
11694,54.071018,-2.866626,LA4 5DT,Socket 1,0
11694,54.071018,-2.866626,LA4 5DT,Socket 2,0
11695,54.072342,-2.869134,LA4 4AS,Socket 1,0
11695,54.072342,-2.869134,LA4 4AS,Socket 2,0
11696,54.050381,-2.794865,LA1 1QN,Socket 1,0
11696,54.050381,-2.794865,LA1 1QN,Socket 2,1
11646,52.138023,-0.464883,MK40 3HZ,Socket 1,0
11646,52.138023,-0.464883,MK40 3HZ,Socket 2,0
10678,53.135151,-1.550959,DE4 3BU,Socket 1,0
10678,53.135151,-1.550959,DE4 3BU,Socket 2,0
11724,53.218357,-1.672093,DE45 1AD,Socket 1,0
11724,53.218357,-1.672093,DE45 1AD,Socket 2,2
11719,53.048138,-1.410096,DE5 3HE,Socket 1,0
11719,53.048138,-1.410096,DE5 3HE,Socket 2,0
11720,53.151089,-1.574890,DE4 2JD,Socket 1,0
11720,53.151089,-1.574890,DE4 2JD,Socket 2,0
11738,51.801601,-0.822400,HP21 8TJ,Socket 1,2
11738,51.801601,-0.822400,HP21 8TJ,Socket 2,2
11736,52.421627,-1.855385,B28 0BY,Socket 1,0
11736,52.421627,-1.855385,B28 0BY,Socket 2,0
11721,53.167904,-1.406121,S45 9NZ,Socket 1,0
11721,53.167904,-1.406121,S45 9NZ,Socket 2,0
11722,53.222393,-1.441542,S40 3HW,Socket 1,0
11722,53.222393,-1.441542,S40 3HW,Socket 2,0
11735,50.730492,-1.782124,BH23 1HU,Socket 1,0
11735,50.730492,-1.782124,BH23 1HU,Socket 2,0
11740,51.569313,-0.014374,E10 5AZ,Socket 1,1
11740,51.569313,-0.014374,E10 5AZ,Socket 2,1
11741,51.554981,0.015611,E7 9EA,Socket 1,1
11741,51.554981,0.015611,E7 9EA,Socket 2,0
11742,51.588409,-0.024545,E17 6QW,Socket 1,0
11742,51.588409,-0.024545,E17 6QW,Socket 2,1
11743,51.561344,-0.002089,E11 4DW,Socket 1,0
11743,51.561344,-0.002089,E11 4DW,Socket 2,1
11744,51.565800,0.001843,E11 4BA,Socket 1,0
11744,51.565800,0.001843,E11 4BA,Socket 2,1
11745,51.580135,-0.040427,E17 7HU,Socket 1,1
11745,51.580135,-0.040427,E17 7HU,Socket 2,1
11746,51.608669,-0.018419,E4 8NF,Socket 1,1
11746,51.608669,-0.018419,E4 8NF,Socket 2,0
11747,51.571362,-0.005509,E10 6JB,Socket 1,0
11747,51.571362,-0.005509,E10 6JB,Socket 2,0
11748,51.584373,-0.027925,E17 6PQ,Socket 1,0
11748,51.584373,-0.027925,E17 6PQ,Socket 2,0
11749,51.553673,0.006821,E11 3JE,Socket 1,1
11749,51.553673,0.006821,E11 3JE,Socket 2,0
11614,51.155682,0.260797,TN4 0BD,Socket 1,0
11614,51.155682,0.260797,TN4 0BD,Socket 2,0
11615,51.155632,0.260807,TN4 0BD,Socket 1,0
11615,51.155632,0.260807,TN4 0BD,Socket 2,0
11727,53.300880,-1.122120,S80 2HD,Socket 1,0
11727,53.300880,-1.122120,S80 2HD,Socket 2,0
11728,53.300838,-1.122133,S80 2HD,Socket 1,0
11728,53.300838,-1.122133,S80 2HD,Socket 2,0
11729,53.300804,-1.122130,S80 2HD,Socket 1,0
11729,53.300804,-1.122130,S80 2HD,Socket 2,0
11730,53.300762,-1.122122,S80 2HD,Socket 1,0
11730,53.300762,-1.122122,S80 2HD,Socket 2,0
11750,51.576317,-0.031446,E17 8BZ,Socket 1,1
11750,51.576317,-0.031446,E17 8BZ,Socket 2,0
11751,51.555813,-0.001261,E11 4HR,Socket 1,1
11751,51.555813,-0.001261,E11 4HR,Socket 2,1
11752,51.589554,-0.004491,E17 3HU,Socket 1,1
11752,51.589554,-0.004491,E17 3HU,Socket 2,1
11772,51.271046,0.196058,TN13 1LW,Socket 1,2
11772,51.271046,0.196058,TN13 1LW,Socket 2,1
11773,51.271049,0.195988,TN13 1LW,Socket 1,1
11773,51.271049,0.195988,TN13 1LW,Socket 2,0
11774,51.271053,0.195910,TN13 1LW,Socket 1,0
11774,51.271053,0.195910,TN13 1LW,Socket 2,1
11775,51.271053,0.195807,TN13 1LW,Socket 1,1
11775,51.271053,0.195807,TN13 1LW,Socket 2,1
11753,51.588882,-0.015373,E17 3BJ,Socket 1,2
11753,51.588882,-0.015373,E17 3BJ,Socket 2,2
11755,51.575836,-0.015022,E17 9AN,Socket 1,1
11755,51.575836,-0.015022,E17 9AN,Socket 2,0
11756,51.576450,-0.003902,E10 6BP,Socket 1,2
11756,51.576450,-0.003902,E10 6BP,Socket 2,2
11757,51.555538,-0.005181,E11 4EP,Socket 1,0
11757,51.555538,-0.005181,E11 4EP,Socket 2,0
11758,51.565006,-0.007422,E10 6LJ,Socket 1,0
11758,51.565006,-0.007422,E10 6LJ,Socket 2,0
11759,51.566494,-0.029070,E10 7PD,Socket 1,0
11759,51.566494,-0.029070,E10 7PD,Socket 2,0
961,50.480732,-3.548917,TQ2 7AN,Socket 1,0
961,50.480732,-3.548917,TQ2 7AN,Socket 2,0
1255,51.393398,-0.303119,KT6 4PJ,Socket 1,0
1255,51.393398,-0.303119,KT6 4PJ,Socket 2,0
11776,51.506550,-0.345870,UB1 3HW,Socket 1,0
11776,51.506550,-0.345870,UB1 3HW,Socket 2,0
11820,52.914249,-1.448108,DE24 8BW,Socket 1,0
11820,52.914249,-1.448108,DE24 8BW,Socket 2,0
11821,52.914188,-1.448053,DE24 8BW,Socket 1,0
11821,52.914188,-1.448053,DE24 8BW,Socket 2,0
11822,52.914143,-1.448010,DE24 8BW,Socket 1,0
11822,52.914143,-1.448010,DE24 8BW,Socket 2,0
11823,52.914089,-1.447951,DE24 8BW,Socket 1,0
11823,52.914089,-1.447951,DE24 8BW,Socket 2,0
11827,52.920292,-1.483205,DE22 3SP,Socket 1,0
11827,52.920292,-1.483205,DE22 3SP,Socket 2,0
11828,52.920349,-1.483510,DE22 3SP,Socket 1,0
11828,52.920349,-1.483510,DE22 3SP,Socket 2,0
11829,52.920395,-1.483497,DE22 3SP,Socket 1,0
11829,52.920395,-1.483497,DE22 3SP,Socket 2,0
11830,52.920441,-1.483495,DE22 3SP,Socket 1,0
11830,52.920441,-1.483495,DE22 3SP,Socket 2,0
11770,52.772007,-1.558529,DE11 8JL,Socket 1,0
11770,52.772007,-1.558529,DE11 8JL,Socket 2,0
11835,52.452801,-1.927300,B15 2SA,Socket 1,1
11835,52.452801,-1.927300,B15 2SA,Socket 2,1
11769,53.327229,-2.665828,WA7 6EP,Socket 1,0
11769,53.327229,-2.665828,WA7 6EP,Socket 2,0
11818,53.916218,-2.186275,BB18 5DW,Socket 1,0
11818,53.916218,-2.186275,BB18 5DW,Socket 2,0
11819,53.916149,-2.186184,BB18 5DW,Socket 1,0
11819,53.916149,-2.186184,BB18 5DW,Socket 2,0
11837,52.449337,-1.936029,B15 2TT,Socket 1,0
11837,52.449337,-1.936029,B15 2TT,Socket 2,2
11838,52.448532,-1.932945,B15 2TN,Socket 1,0
11838,52.448532,-1.932945,B15 2TN,Socket 2,2
11832,52.925915,-1.480624,DE1 3GU,Socket 1,0
11832,52.925915,-1.480624,DE1 3GU,Socket 2,2
11777,53.756104,-2.702499,PR1 3JJ,Socket 1,0
11777,53.756104,-2.702499,PR1 3JJ,Socket 2,0
11778,53.749596,-2.681311,PR5 4AR,Socket 1,0
11778,53.749596,-2.681311,PR5 4AR,Socket 2,0
11779,53.749554,-2.681331,PR5 4AR,Socket 1,0
11779,53.749554,-2.681331,PR5 4AR,Socket 2,0
11780,53.749523,-2.681403,PR5 4AR,Socket 1,0
11780,53.749523,-2.681403,PR5 4AR,Socket 2,0
11781,52.912594,-3.513098,LL23 7PS,Socket 1,1
11781,52.912594,-3.513098,LL23 7PS,Socket 2,0
11782,52.912830,-3.512937,LL23 7PS,Socket 1,1
11782,52.912830,-3.512937,LL23 7PS,Socket 2,0
11783,53.756145,-2.702523,PR1 3JJ,Socket 1,0
11783,53.756145,-2.702523,PR1 3JJ,Socket 2,0
11784,53.756065,-2.702493,PR1 3JJ,Socket 1,0
11784,53.756065,-2.702493,PR1 3JJ,Socket 2,0
11785,53.756016,-2.702467,PR1 3JJ,Socket 1,0
11785,53.756016,-2.702467,PR1 3JJ,Socket 2,0
11786,53.749496,-2.681445,PR5 4AR,Socket 1,0
11786,53.749496,-2.681445,PR5 4AR,Socket 2,0
11771,53.997501,-1.541300,HG1 1XX,Socket 1,0
11771,53.997501,-1.541300,HG1 1XX,Socket 2,0
11825,52.923988,-1.481158,DE1 3NT,Socket 1,0
11825,52.923988,-1.481158,DE1 3NT,Socket 2,0
11826,52.925934,-1.480540,DE1 3GU,Socket 1,0
11826,52.925934,-1.480540,DE1 3GU,Socket 2,2
11883,51.528820,-0.195620,NW6 5LG,Socket 1,0
11883,51.528820,-0.195620,NW6 5LG,Socket 2,0
11886,50.876316,-1.578024,SO43 7AS,Socket 1,0
11886,50.876316,-1.578024,SO43 7AS,Socket 2,0
11887,52.055630,-0.698251,MK16 0AA,Socket 1,0
11887,52.055630,-0.698251,MK16 0AA,Socket 2,1
11888,52.055656,-0.698193,MK16 0AA,Socket 1,0
11888,52.055656,-0.698193,MK16 0AA,Socket 2,0
11889,52.055668,-0.698111,MK16 0AA,Socket 1,0
11889,52.055668,-0.698111,MK16 0AA,Socket 2,2
11899,52.924400,-1.471300,DE1 2BH,Socket 1,0
11899,52.924400,-1.471300,DE1 2BH,Socket 2,0
11900,52.924465,-1.471303,DE1 2BH,Socket 1,0
11900,52.924465,-1.471303,DE1 2BH,Socket 2,0
11901,52.924545,-1.471297,DE1 2BH,Socket 1,0
11901,52.924545,-1.471297,DE1 2BH,Socket 2,0
11902,52.924641,-1.471252,DE1 2BH,Socket 1,0
11902,52.924641,-1.471252,DE1 2BH,Socket 2,0
11895,52.923599,-1.145700,NG2 7HY,Socket 1,0
11895,52.923599,-1.145700,NG2 7HY,Socket 2,0
11896,52.923592,-1.145617,NG2 7HY,Socket 1,0
11896,52.923592,-1.145617,NG2 7HY,Socket 2,0
11897,52.923599,-1.145545,NG2 7HY,Socket 1,0
11897,52.923599,-1.145545,NG2 7HY,Socket 2,0
10722,51.631844,0.005303,E4 7BE,Socket 1,1
10722,51.631844,0.005303,E4 7BE,Socket 2,0
11914,51.068348,1.066169,CT21 6HJ,Socket 1,0
11914,51.068348,1.066169,CT21 6HJ,Socket 2,1
11943,52.193520,-1.700718,CV37 6YR,Socket 1,0
11943,52.193520,-1.700718,CV37 6YR,Socket 2,1
11860,53.928116,-3.008657,FY7 6BN,Socket 1,0
11860,53.928116,-3.008657,FY7 6BN,Socket 2,0
11861,53.928082,-3.008626,FY7 6BN,Socket 1,2
11861,53.928082,-3.008626,FY7 6BN,Socket 2,2
11862,53.928013,-3.008582,FY7 6BN,Socket 1,0
11862,53.928013,-3.008582,FY7 6BN,Socket 2,0
11863,53.927948,-3.008532,FY7 6BN,Socket 1,0
11863,53.927948,-3.008532,FY7 6BN,Socket 2,0
11944,50.366966,-4.141565,Pl1 2HJ,Socket 1,0
11944,50.366966,-4.141565,Pl1 2HJ,Socket 2,0
11875,52.410522,-1.780810,B91 3QD,Socket 1,0
11875,52.410522,-1.780810,B91 3QD,Socket 2,0
11898,52.923599,-1.145474,NG2 7HY,Socket 1,0
11898,52.923599,-1.145474,NG2 7HY,Socket 2,0
11864,54.075672,-2.861658,LA4 4BD,Socket 1,0
11864,54.075672,-2.861658,LA4 4BD,Socket 2,0
11865,54.075699,-2.861612,LA4 4BD,Socket 1,0
11865,54.075699,-2.861612,LA4 4BD,Socket 2,0
11866,54.075726,-2.861547,LA4 4BD,Socket 1,0
11866,54.075726,-2.861547,LA4 4BD,Socket 2,1
11867,54.075752,-2.861479,LA4 4BD,Socket 1,0
11867,54.075752,-2.861479,LA4 4BD,Socket 2,0
11868,53.791325,-2.242194,BB11 1BJ,Socket 1,0
11868,53.791325,-2.242194,BB11 1BJ,Socket 2,0
11869,53.791294,-2.242172,BB11 1BJ,Socket 1,0
11869,53.791294,-2.242172,BB11 1BJ,Socket 2,0
11870,53.791241,-2.242158,BB11 1BJ,Socket 1,0
11870,53.791241,-2.242158,BB11 1BJ,Socket 2,0
11871,53.791187,-2.242149,BB11 1BJ,Socket 1,0
11871,53.791187,-2.242149,BB11 1BJ,Socket 2,0
11842,52.955502,-1.154200,NG1 5RH,Socket 1,0
11842,52.955502,-1.154200,NG1 5RH,Socket 2,0
1404,51.393700,-0.304573,KT6 4QR,Socket 1,0
1404,51.393700,-0.304573,KT6 4QR,Socket 2,0
11876,53.877655,-3.044817,FY5 1BS,Socket 1,0
11876,53.877655,-3.044817,FY5 1BS,Socket 2,0
11878,53.690819,-2.698892,PR25 2EQ,Socket 1,0
11878,53.690819,-2.698892,PR25 2EQ,Socket 2,0
11877,53.877647,-3.044716,FY5 1BS,Socket 1,2
11877,53.877647,-3.044716,FY5 1BS,Socket 2,0
11879,53.690823,-2.698980,PR25 2EQ,Socket 1,0
11879,53.690823,-2.698980,PR25 2EQ,Socket 2,0
11892,53.746372,-2.393066,BB5 3DA,Socket 1,0
11892,53.746372,-2.393066,BB5 3DA,Socket 2,1
11890,53.784817,-2.408019,BB6 7QP,Socket 1,0
11890,53.784817,-2.408019,BB6 7QP,Socket 2,0
11891,53.784718,-2.408073,BB6 7QP,Socket 1,0
11891,53.784718,-2.408073,BB6 7QP,Socket 2,0
11872,53.873562,-2.389391,BB7 2DF,Socket 1,0
11872,53.873562,-2.389391,BB7 2DF,Socket 2,0
11873,53.873531,-2.389458,BB7 2DF,Socket 1,1
11873,53.873531,-2.389458,BB7 2DF,Socket 2,0
11874,53.873623,-2.389268,BB7 2DF,Socket 1,0
11874,53.873623,-2.389268,BB7 2DF,Socket 2,0
11851,53.565437,-2.882587,L39 4RB,Socket 1,0
11851,53.565437,-2.882587,L39 4RB,Socket 2,1
11852,53.565384,-2.882251,L39 4RB,Socket 1,0
11852,53.565384,-2.882251,L39 4RB,Socket 2,0
11853,53.565346,-2.882224,L39 4RB,Socket 1,0
11853,53.565346,-2.882224,L39 4RB,Socket 2,0
11916,51.481400,-0.044181,SE14 5RW,Socket 1,0
11916,51.481400,-0.044181,SE14 5RW,Socket 2,0
11918,51.481400,-0.044181,SE14 5RW,Socket 1,0
11918,51.481400,-0.044181,SE14 5RW,Socket 2,0
11938,52.589085,-2.117038,WV10 0AZ,Socket 1,0
11938,52.589085,-2.117038,WV10 0AZ,Socket 2,0
11939,52.589046,-2.117022,WV10 0AZ,Socket 1,0
11939,52.589046,-2.117022,WV10 0AZ,Socket 2,0
11933,51.590549,-0.147144,N10 3LX,Socket 1,0
11933,51.590549,-0.147144,N10 3LX,Socket 2,0
11934,51.522480,-0.185302,W9 2PH,Socket 1,1
11934,51.522480,-0.185302,W9 2PH,Socket 2,0
11941,51.513359,-0.184802,W2 3TP,Socket 1,0
11941,51.513359,-0.184802,W2 3TP,Socket 2,1
11894,53.556679,-0.091188,DN34 5AD,Socket 1,0
11894,53.556679,-0.091188,DN34 5AD,Socket 2,0
11929,52.918255,-1.479566,DE1 1PQ,Socket 1,0
11929,52.918255,-1.479566,DE1 1PQ,Socket 2,0
11930,52.918247,-1.479523,DE1 1PQ,Socket 1,0
11930,52.918247,-1.479523,DE1 1PQ,Socket 2,0
11931,52.918251,-1.479468,DE1 1PQ,Socket 1,0
11931,52.918251,-1.479468,DE1 1PQ,Socket 2,0
11974,51.521389,-0.093190,EC1Y 0QT,Connector 1,0
11974,51.521389,-0.093190,EC1Y 0QT,Connector 2,0
11976,51.521507,-0.093250,EC1Y 0QT,Connector 1,0
11976,51.521507,-0.093250,EC1Y 0QT,Connector 2,0
11977,51.521538,-0.093263,EC1Y 0QT,Connector 1,2
11977,51.521538,-0.093263,EC1Y 0QT,Connector 2,2
11978,51.521568,-0.093280,EC1Y 0QT,Connector 1,0
11978,51.521568,-0.093280,EC1Y 0QT,Connector 2,0
12036,52.455463,-1.934921,B15 2QU,Socket 1,0
12036,52.455463,-1.934921,B15 2QU,Socket 2,2
12037,52.448135,-1.924892,B5 7ST,Socket 1,0
12037,52.448135,-1.924892,B5 7ST,Socket 2,2
2088,52.044056,-0.756294,MK9 3AG,Socket 1,0
2088,52.044056,-0.756294,MK9 3AG,Socket 2,0
11932,52.918255,-1.479418,DE1 1PQ,Socket 1,0
11932,52.918255,-1.479418,DE1 1PQ,Socket 2,0
11979,51.521595,-0.093298,EC1Y 0QT,Connector 1,0
11979,51.521595,-0.093298,EC1Y 0QT,Connector 2,0
11980,51.521633,-0.093312,EC1Y 0QT,Connector 1,0
11980,51.521633,-0.093312,EC1Y 0QT,Connector 2,0
11948,53.235771,-1.423867,S41 7TJ,Socket 1,0
11948,53.235771,-1.423867,S41 7TJ,Socket 2,0
11949,53.235809,-1.423931,S41 7TJ,Socket 1,0
11949,53.235809,-1.423931,S41 7TJ,Socket 2,0
11950,53.235779,-1.423949,S41 7TJ,Socket 1,0
11950,53.235779,-1.423949,S41 7TJ,Socket 2,0
11951,53.235744,-1.423970,S41 7TJ,Socket 1,0
11951,53.235744,-1.423970,S41 7TJ,Socket 2,0
11975,51.521458,-0.093224,EC1Y 0QT,Connector 1,0
11975,51.521458,-0.093224,EC1Y 0QT,Connector 2,0
11962,53.238281,-1.423930,S41 7SA,Socket 1,0
11962,53.238281,-1.423930,S41 7SA,Socket 2,0
11963,53.238300,-1.424009,S41 7SA,Socket 1,0
11963,53.238300,-1.424009,S41 7SA,Socket 2,0
11964,53.238338,-1.424143,S41 7SA,Socket 1,0
11964,53.238338,-1.424143,S41 7SA,Socket 2,0
11965,53.238354,-1.424194,S41 7SA,Socket 1,0
11965,53.238354,-1.424194,S41 7SA,Socket 2,0
11986,51.264744,-1.086711,RG21 7BA,Socket 1,0
11986,51.264744,-1.086711,RG21 7BA,Socket 2,0
11987,51.264706,-1.086677,RG21 7BA,Socket 1,0
11987,51.264706,-1.086677,RG21 7BA,Socket 2,0
11988,51.264763,-1.086723,RG21 7BA,Socket 1,0
11988,51.264763,-1.086723,RG21 7BA,Socket 2,0
12004,51.518200,-0.192159,W2 5QD,Socket 1,0
12004,51.518200,-0.192159,W2 5QD,Socket 2,1
11619,53.985619,-1.052632,YO32 9JS,Socket 1,0
11619,53.985619,-1.052632,YO32 9JS,Socket 2,0
11620,53.985142,-1.051848,YO32 9JS,Socket 1,0
11620,53.985142,-1.051848,YO32 9JS,Socket 2,0
11858,51.033688,-4.211389,EX39 3QB,Socket 1,0
11858,51.033688,-4.211389,EX39 3QB,Socket 2,0
12022,51.946510,0.648187,CO9 2HR,Socket 1,0
12022,51.946510,0.648187,CO9 2HR,Socket 2,0
12023,51.796371,0.632840,CM8 1EP,Socket 1,0
12023,51.796371,0.632840,CM8 1EP,Socket 2,0
N10829,51.645088,-0.113650,N21 1TQ,Socket 1,0
N10829,51.645088,-0.113650,N21 1TQ,Socket 2,0
12054,53.001911,-1.130920,NG5 6JA,Socket 1,0
12054,53.001911,-1.130920,NG5 6JA,Socket 2,0
12059,53.001892,-1.130840,NG5 6JA,Socket 1,0
12059,53.001892,-1.130840,NG5 6JA,Socket 2,0
12050,52.909973,-2.894822,SY12 0AU,Socket 1,2
12050,52.909973,-2.894822,SY12 0AU,Socket 2,2
12052,52.639523,-2.288458,WV7 3EW,Socket 1,0
12052,52.639523,-2.288458,WV7 3EW,Socket 2,0
12053,52.595333,-2.561212,TF13 6BD,Socket 1,0
12053,52.595333,-2.561212,TF13 6BD,Socket 2,0
11856,52.772041,-1.558362,DE11 8JL,Socket 1,0
11856,52.772041,-1.558362,DE11 8JL,Socket 2,0
12040,53.819550,-1.575275,LS6 2DH,Socket 1,1
12040,53.819550,-1.575275,LS6 2DH,Socket 2,0
12066,53.846260,-2.993094,FY6 7DH,Socket 1,1
12066,53.846260,-2.993094,FY6 7DH,Socket 2,0
12067,53.846233,-2.993247,FY6 7DH,Socket 1,0
12067,53.846233,-2.993247,FY6 7DH,Socket 2,0
12069,54.128418,-2.769837,LA5 9BX,Socket 1,0
12069,54.128418,-2.769837,LA5 9BX,Socket 2,0
12070,54.128922,-2.769648,LA5 9BU,Socket 1,0
12070,54.128922,-2.769648,LA5 9BU,Socket 2,0
317,51.428051,-2.863517,BS21 6RR,Socket 1,2
317,51.428051,-2.863517,BS21 6RR,Socket 2,2
12042,51.415798,-0.752500,RG12 1LP,Socket 1,0
12042,51.415798,-0.752500,RG12 1LP,Socket 2,0
12043,51.414642,-0.751606,RG12 1LP,Socket 1,0
12043,51.414642,-0.751606,RG12 1LP,Socket 2,0
12044,51.414627,-0.751600,RG12 1LP,Socket 1,1
12044,51.414627,-0.751600,RG12 1LP,Socket 2,0
12071,54.128883,-2.769687,LA5 9BU,Socket 1,0
12071,54.128883,-2.769687,LA5 9BU,Socket 2,0
12045,51.414795,-0.751635,RG12 1LP,Socket 1,0
12045,51.414795,-0.751635,RG12 1LP,Socket 2,0
12046,51.414757,-0.751631,RG12 1LP,Socket 1,0
12046,51.414757,-0.751631,RG12 1LP,Socket 2,0
12047,51.414814,-0.751648,RG12 1LP,Socket 1,0
12047,51.414814,-0.751648,RG12 1LP,Socket 2,0
12048,51.414597,-0.751616,RG12 1LP,Socket 1,0
12048,51.414597,-0.751616,RG12 1LP,Socket 2,0
12072,53.706318,-2.325097,BB4 5PN,Socket 1,0
12072,53.706318,-2.325097,BB4 5PN,Socket 2,0
12073,53.706261,-2.325101,BB4 5PN,Socket 1,1
12073,53.706261,-2.325101,BB4 5PN,Socket 2,0
12076,53.821857,-2.407003,BB7 9SW,Socket 1,0
12076,53.821857,-2.407003,BB7 9SW,Socket 2,0
12074,53.915970,-2.143891,BB18 6UX,Socket 1,0
12074,53.915970,-2.143891,BB18 6UX,Socket 2,0
12075,53.916039,-2.143786,BB18 6UX,Socket 1,0
12075,53.916039,-2.143786,BB18 6UX,Socket 2,1
12121,51.420090,-0.018360,BR3 1SY,Socket 1,0
12121,51.420090,-0.018360,BR3 1SY,Socket 2,0
12122,51.420055,-0.018412,BR3 1SY,Socket 1,0
12122,51.420055,-0.018412,BR3 1SY,Socket 2,1
12101,51.540901,-0.299448,HA0 4PW,Socket 1,0
12101,51.540901,-0.299448,HA0 4PW,Socket 2,0
12102,51.534073,-0.106186,N1 0PS,Socket 1,0
12102,51.534073,-0.106186,N1 0PS,Socket 2,0
12103,51.534126,-0.106292,N1 0PS,Socket 1,0
12103,51.534126,-0.106292,N1 0PS,Socket 2,0
12104,51.534077,-0.106307,N1 0PS,Socket 1,0
12104,51.534077,-0.106307,N1 0PS,Socket 2,0
12105,51.534073,-0.106248,N1 0PS,Socket 1,0
12105,51.534073,-0.106248,N1 0PS,Socket 2,0
12192,50.901196,-3.485605,EX16 6PP,Socket 1,0
12192,50.901196,-3.485605,EX16 6PP,Socket 2,0
12193,50.901241,-3.485598,EX16 6PP,Socket 1,1
12193,50.901241,-3.485598,EX16 6PP,Socket 2,0
12145,50.811222,0.323875,BN24 5NH,Socket 1,1
12145,50.811222,0.323875,BN24 5NH,Socket 2,0
12081,53.701714,-2.284400,BB4 7LS,Socket 1,0
12081,53.701714,-2.284400,BB4 7LS,Socket 2,0
12082,53.701664,-2.284336,BB4 7LS,Socket 1,0
12082,53.701664,-2.284336,BB4 7LS,Socket 2,0
12083,53.856712,-2.170664,BB8 0LH,Socket 1,0
12083,53.856712,-2.170664,BB8 0LH,Socket 2,0
12085,53.856762,-2.170544,BB8 0LH,Socket 1,0
12085,53.856762,-2.170544,BB8 0LH,Socket 2,0
12182,55.937180,-4.214732,G64 4EH,Socket 1,0
12182,55.937180,-4.214732,G64 4EH,Socket 2,0
12163,54.989239,-1.441350,NE33 1SA,Socket 1,0
12163,54.989239,-1.441350,NE33 1SA,Socket 2,0
12164,52.226631,-2.736863,HR6 8AE,Socket 1,1
12164,52.226631,-2.736863,HR6 8AE,Socket 2,0
12143,51.498676,0.006071,SE10 0AX,Socket 1,2
12143,51.498676,0.006071,SE10 0AX,Socket 2,2
12161,52.056099,-2.709300,HR1 2HA,Socket 1,0
12161,52.056099,-2.709300,HR1 2HA,Socket 2,1
12086,53.739166,-2.999091,FY8 1BB,Socket 1,0
12086,53.739166,-2.999091,FY8 1BB,Socket 2,0
12087,53.739174,-2.999180,FY8 1BB,Socket 1,0
12087,53.739174,-2.999180,FY8 1BB,Socket 2,0
12088,53.739201,-2.999300,FY8 1BB,Socket 1,0
12088,53.739201,-2.999300,FY8 1BB,Socket 2,0
12170,51.482098,0.177718,DA8 1RA,Socket 1,0
12170,51.482098,0.177718,DA8 1RA,Socket 2,0
12169,51.491329,0.151127,DA17 5QQ,Socket 1,0
12169,51.491329,0.151127,DA17 5QQ,Socket 2,0
12168,51.455883,0.140919,DA6 7AF,Socket 1,0
12168,51.455883,0.140919,DA6 7AF,Socket 2,0
12167,51.462860,0.104975,DA16 3PB,Socket 1,1
12167,51.462860,0.104975,DA16 3PB,Socket 2,0
12166,51.461620,0.112210,DA16 2BE,Socket 1,0
12166,51.461620,0.112210,DA16 2BE,Socket 2,1
11893,53.746292,-2.393121,BB5 3DA,Socket 1,2
11893,53.746292,-2.393121,BB5 3DA,Socket 2,2
12159,54.321262,-2.941094,LA23 3LR,Socket 1,0
12159,54.321262,-2.941094,LA23 3LR,Socket 2,0
12171,51.458595,0.133011,DA7 4AX,Socket 1,0
12171,51.458595,0.133011,DA7 4AX,Socket 2,0
12172,51.466480,0.157887,DA7 6HJ,Socket 1,0
12172,51.466480,0.157887,DA7 6HJ,Socket 2,0
12173,51.452656,0.179375,DA1 4JD,Socket 1,0
12173,51.452656,0.179375,DA1 4JD,Socket 2,0
12174,51.445034,0.102587,DA15 9ER,Socket 1,0
12174,51.445034,0.102587,DA15 9ER,Socket 2,0
12175,51.425270,0.105860,DA14 6EP,Socket 1,1
12175,51.425270,0.105860,DA14 6EP,Socket 2,0
12176,51.450371,0.104195,DA15 9LU,Socket 1,0
12176,51.450371,0.104195,DA15 9LU,Socket 2,0
12155,53.100121,-1.250590,NG17 8BY,Socket 1,0
12155,53.100121,-1.250590,NG17 8BY,Socket 2,0
12156,53.100086,-1.250500,NG17 8BY,Socket 1,0
12156,53.100086,-1.250500,NG17 8BY,Socket 2,0
12157,53.100086,-1.250343,NG17 8BY,Socket 1,0
12157,53.100086,-1.250343,NG17 8BY,Socket 2,0
12158,53.100212,-1.250418,NG17 8BY,Socket 1,0
12158,53.100212,-1.250418,NG17 8BY,Socket 2,0
12201,53.123371,-1.262991,NG17 1BW,Socket 1,0
12201,53.123371,-1.262991,NG17 1BW,Socket 2,0
12202,53.123417,-1.262874,NG17 1BW,Socket 1,0
12202,53.123417,-1.262874,NG17 1BW,Socket 2,0
12203,53.123367,-1.262794,NG17 1BW,Socket 1,0
12203,53.123367,-1.262794,NG17 1BW,Socket 2,0
12204,53.123325,-1.262923,NG17 1BW,Socket 1,0
12204,53.123325,-1.262923,NG17 1BW,Socket 2,0
24701,52.014362,-0.683889,MK7 8DX,Connector 1,0
24701,52.014362,-0.683889,MK7 8DX,Connector 2,0
24701,52.014362,-0.683889,MK7 8DX,Connector 3,0
24703,52.582890,-2.127600,WV1 3HT,Connector 1,0
24703,52.582890,-2.127600,WV1 3HT,Connector 2,0
24703,52.582890,-2.127600,WV1 3HT,Connector 3,0
24704,52.599430,-2.080210,WV11 1XU,Connector 1,0
24704,52.599430,-2.080210,WV11 1XU,Connector 2,0
24704,52.599430,-2.080210,WV11 1XU,Connector 3,0
24705,51.465599,-3.458500,CF71 7FF,Connector 1,0
24705,51.465599,-3.458500,CF71 7FF,Connector 2,0
24705,51.465599,-3.458500,CF71 7FF,Connector 3,0
24706,53.588909,-0.180175,DN41 8AP,Connector 1,0
24706,53.588909,-0.180175,DN41 8AP,Connector 2,0
24706,53.588909,-0.180175,DN41 8AP,Connector 3,0
24709,53.851406,-1.391193,LS15 4NJ,Connector 1,2
24709,53.851406,-1.391193,LS15 4NJ,Connector 2,2
24709,53.851406,-1.391193,LS15 4NJ,Connector 3,2
24710,52.694126,1.337391,NR12 7BG,Connector 1,2
24710,52.694126,1.337391,NR12 7BG,Connector 2,2
24710,52.694126,1.337391,NR12 7BG,Connector 3,2
24711,51.609077,-0.771342,HP10 9QD,Connector 1,2
24711,51.609077,-0.771342,HP10 9QD,Connector 2,2
24711,51.609077,-0.771342,HP10 9QD,Connector 3,1
24712,53.809696,-2.234595,BB10 1HW,Connector 1,0
24712,53.809696,-2.234595,BB10 1HW,Connector 2,0
24712,53.809696,-2.234595,BB10 1HW,Connector 3,0
24713,51.108997,-0.147659,RH10 7QF,Connector 1,0
24713,51.108997,-0.147659,RH10 7QF,Connector 2,0
24713,51.108997,-0.147659,RH10 7QF,Connector 3,0
24714,54.244926,-0.776473,YO18 7AL,Connector 1,0
24714,54.244926,-0.776473,YO18 7AL,Connector 2,0
24714,54.244926,-0.776473,YO18 7AL,Connector 3,0
24715,51.494362,0.304030,RM16 6UT,Connector 1,0
24715,51.494362,0.304030,RM16 6UT,Connector 2,0
24715,51.494362,0.304030,RM16 6UT,Connector 3,0
24716,52.597321,-2.168580,WV6 8QT,Connector 1,0
24716,52.597321,-2.168580,WV6 8QT,Connector 2,0
24716,52.597321,-2.168580,WV6 8QT,Connector 3,0
12227,51.585419,-0.017423,E17 3RU,Socket 1,1
12227,51.585419,-0.017423,E17 3RU,Socket 2,1
24717,51.817921,-1.273127,OX5 2PX,Connector 1,0
24717,51.817921,-1.273127,OX5 2PX,Connector 2,0
24717,51.817921,-1.273127,OX5 2PX,Connector 3,0
24718,52.774139,-1.558610,DE11 0AA,Connector 1,2
24718,52.774139,-1.558610,DE11 0AA,Connector 2,2
24718,52.774139,-1.558610,DE11 0AA,Connector 3,2
24719,53.271320,-1.268130,S43 4JY,Connector 1,0
24719,53.271320,-1.268130,S43 4JY,Connector 2,0
24719,53.271320,-1.268130,S43 4JY,Connector 3,0
24720,52.957817,-2.106634,ST3 7PB,Connector 1,2
24720,52.957817,-2.106634,ST3 7PB,Connector 2,2
24720,52.957817,-2.106634,ST3 7PB,Connector 3,2
24721,52.885300,-1.286500,NG10 3GL,Connector 1,0
24721,52.885300,-1.286500,NG10 3GL,Connector 2,0
24721,52.885300,-1.286500,NG10 3GL,Connector 3,0
24722,51.529446,-0.896740,RG9 1HE,Connector 1,0
24722,51.529446,-0.896740,RG9 1HE,Connector 2,0
24722,51.529446,-0.896740,RG9 1HE,Connector 3,0
24723,52.971794,-1.311135,DE7 8AA,Connector 1,0
24723,52.971794,-1.311135,DE7 8AA,Connector 2,0
24723,52.971794,-1.311135,DE7 8AA,Connector 3,0
24724,51.498726,0.006167,SE10 0AX,Connector 1,2
24724,51.498726,0.006167,SE10 0AX,Connector 2,2
24724,51.498726,0.006167,SE10 0AX,Connector 3,2
24725,51.498768,0.006270,SE10 0AX,Connector 1,0
24725,51.498768,0.006270,SE10 0AX,Connector 2,0
24725,51.498768,0.006270,SE10 0AX,Connector 3,0
24726,52.041252,-0.729631,MK15 0BJ,Connector 1,0
24726,52.041252,-0.729631,MK15 0BJ,Connector 2,0
24726,52.041252,-0.729631,MK15 0BJ,Connector 3,0
24727,52.587975,-2.129276,WV1 1LY,Connector 1,0
24727,52.587975,-2.129276,WV1 1LY,Connector 2,0
24727,52.587975,-2.129276,WV1 1LY,Connector 3,0
24728,51.590042,-0.142434,N10 3QP,Connector 1,0
24728,51.590042,-0.142434,N10 3QP,Connector 2,0
24728,51.590042,-0.142434,N10 3QP,Connector 3,0
24729,52.056114,-0.804327,MK12 5EL,Connector 1,0
24729,52.056114,-0.804327,MK12 5EL,Connector 2,0
24729,52.056114,-0.804327,MK12 5EL,Connector 3,0
24730,52.056107,-0.804197,MK12 5EL,Connector 1,0
24730,52.056107,-0.804197,MK12 5EL,Connector 2,0
24730,52.056107,-0.804197,MK12 5EL,Connector 3,0
24731,52.015930,-0.769229,MK4 1LU,Connector 1,0
24731,52.015930,-0.769229,MK4 1LU,Connector 2,0
24731,52.015930,-0.769229,MK4 1LU,Connector 3,0
24733,52.460403,-1.942600,B17 9NE,Connector 1,2
24733,52.460403,-1.942600,B17 9NE,Connector 2,2
24733,52.460403,-1.942600,B17 9NE,Connector 3,2
24734,52.587997,-2.129234,WV1 1LY,Connector 1,0
24734,52.587997,-2.129234,WV1 1LY,Connector 2,0
24734,52.587997,-2.129234,WV1 1LY,Connector 3,2
24736,51.679001,-0.607300,HP6 5EQ,Connector 1,0
24736,51.679001,-0.607300,HP6 5EQ,Connector 2,0
24736,51.679001,-0.607300,HP6 5EQ,Connector 3,0
24739,52.051910,-0.729272,MK15 0DT,Connector 1,0
24739,52.051910,-0.729272,MK15 0DT,Connector 2,0
24739,52.051910,-0.729272,MK15 0DT,Connector 3,0
24740,52.051880,-0.729273,MK15 0DT,Connector 1,0
24740,52.051880,-0.729273,MK15 0DT,Connector 2,0
24740,52.051880,-0.729273,MK15 0DT,Connector 3,0
24741,52.143280,-0.426523,MK41 0DS,Connector 1,0
24741,52.143280,-0.426523,MK41 0DS,Connector 2,0
24741,52.143280,-0.426523,MK41 0DS,Connector 3,0
24742,52.989246,-2.172786,ST4 4TL,Connector 1,0
24742,52.989246,-2.172786,ST4 4TL,Connector 2,0
24742,52.989246,-2.172786,ST4 4TL,Connector 3,0
24743,51.998798,-0.776123,MK4 2BU,Connector 1,0
24743,51.998798,-0.776123,MK4 2BU,Connector 2,0
24743,51.998798,-0.776123,MK4 2BU,Connector 3,0
24744,53.424217,-2.765854,L35 4PF,Connector 1,0
24744,53.424217,-2.765854,L35 4PF,Connector 2,0
24744,53.424217,-2.765854,L35 4PF,Connector 3,0
24746,52.028404,-0.785296,MK5 8DY,Connector 1,0
24746,52.028404,-0.785296,MK5 8DY,Connector 2,0
24746,52.028404,-0.785296,MK5 8DY,Connector 3,0
24747,52.015800,-0.769200,MK4 1GA,Connector 1,0
24747,52.015800,-0.769200,MK4 1GA,Connector 2,0
24747,52.015800,-0.769200,MK4 1GA,Connector 3,0
24748,53.301449,-1.476090,S18 1PD,Connector 1,NA
24748,53.301449,-1.476090,S18 1PD,Connector 2,NA
24748,53.301449,-1.476090,S18 1PD,Connector 3,NA
24749,52.040901,-0.729400,MK15 0BJ,Connector 1,0
24749,52.040901,-0.729400,MK15 0BJ,Connector 2,0
24749,52.040901,-0.729400,MK15 0BJ,Connector 3,0
24750,51.452049,-2.584610,BS1 6BF,Connector 1,0
24750,51.452049,-2.584610,BS1 6BF,Connector 2,0
24750,51.452049,-2.584610,BS1 6BF,Connector 3,0
12285,55.964474,-3.185129,EH7 4NS,Socket 1,0
12285,55.964474,-3.185129,EH7 4NS,Socket 2,0
12313,53.107300,-1.312100,DE55 2JW,Socket 1,0
12313,53.107300,-1.312100,DE55 2JW,Socket 2,0
12314,53.107357,-1.312177,DE55 2JW,Socket 1,0
12314,53.107357,-1.312177,DE55 2JW,Socket 2,0
12315,53.107441,-1.312299,DE55 2JW,Socket 1,0
12315,53.107441,-1.312299,DE55 2JW,Socket 2,0
12316,53.107498,-1.312434,DE55 2JW,Socket 1,0
12316,53.107498,-1.312434,DE55 2JW,Socket 2,0
2327,51.643299,0.617910,CM3 5SY,Socket 1,1
2327,51.643299,0.617910,CM3 5SY,Socket 2,0
12281,53.399181,-2.959043,L8 7SS,Socket 1,0
12281,53.399181,-2.959043,L8 7SS,Socket 2,0
12089,53.701847,-2.200623,OL13 0AH,Socket 1,0
12089,53.701847,-2.200623,OL13 0AH,Socket 2,0
12090,53.701721,-2.200575,OL13 0AH,Socket 1,0
12090,53.701721,-2.200575,OL13 0AH,Socket 2,0
12257,51.579105,-0.710682,SL8 5SX,Socket 1,0
12257,51.579105,-0.710682,SL8 5SX,Socket 2,0
12242,51.273525,-1.113282,RG23 8BU,Socket 1,1
12242,51.273525,-1.113282,RG23 8BU,Socket 2,0
12243,51.273521,-1.113354,RG23 8BU,Socket 1,0
12243,51.273521,-1.113354,RG23 8BU,Socket 2,0
12386,51.568783,-0.776850,SL7 2AE,Socket 1,0
12386,51.568783,-0.776850,SL7 2AE,Socket 2,1
12094,54.070827,-2.772285,LA1 3SW,Socket 1,0
12094,54.070827,-2.772285,LA1 3SW,Socket 2,0
12095,54.070827,-2.772285,LA1 3SW,Socket 1,0
12095,54.070827,-2.772285,LA1 3SW,Socket 2,0
12096,54.070770,-2.772285,LA1 3SW,Socket 1,0
12096,54.070770,-2.772285,LA1 3SW,Socket 2,0
12097,54.070713,-2.772288,LA1 3SW,Socket 1,1
12097,54.070713,-2.772288,LA1 3SW,Socket 2,0
12098,54.070667,-2.772275,LA1 3SW,Socket 1,0
12098,54.070667,-2.772275,LA1 3SW,Socket 2,0
12099,54.070541,-2.772259,LA1 3SW,Socket 1,0
12099,54.070541,-2.772259,LA1 3SW,Socket 2,0
12296,51.458168,-0.182648,SW18 2QU,Socket 1,0
12296,51.458168,-0.182648,SW18 2QU,Socket 2,0
12297,51.458172,-0.182626,SW18 2QU,Socket 1,0
12297,51.458172,-0.182626,SW18 2QU,Socket 2,0
11069,55.860336,-4.291090,G3 8QT,Socket 1,0
11069,55.860336,-4.291090,G3 8QT,Socket 2,0
12275,55.004147,-3.065970,DG16 5DY,Socket 1,0
12275,55.004147,-3.065970,DG16 5DY,Socket 2,0
12276,55.004147,-3.065970,DG16 5DY,Socket 1,0
12276,55.004147,-3.065970,DG16 5DY,Socket 2,0
12277,55.005180,-3.065088,DG16 5EA,Socket 1,0
12277,55.005180,-3.065088,DG16 5EA,Socket 2,0
t175_it1_1219_115,51.476372,-0.395907,TW5 9BA,Connector 1,0
t175_it1_1219_115,51.476372,-0.395907,TW5 9BA,Connector 2,0
12327,52.983253,-1.137571,NG5 4DW,Socket 1,0
12327,52.983253,-1.137571,NG5 4DW,Socket 2,0
12317,51.906429,-0.392940,LU2 8DD,Socket 1,0
12317,51.906429,-0.392940,LU2 8DD,Socket 2,0
12334,51.482681,0.146351,DA17 5JG,Socket 1,0
12334,51.482681,0.146351,DA17 5JG,Socket 2,0
12335,51.447407,0.116968,DA15 9JN,Socket 1,0
12335,51.447407,0.116968,DA15 9JN,Socket 2,2
12378,55.080063,-2.881540,CA6 5QB,Socket 1,0
12378,55.080063,-2.881540,CA6 5QB,Socket 2,0
12368,54.897301,-1.379669,SR2 8HG,Socket 1,1
12368,54.897301,-1.379669,SR2 8HG,Socket 2,0
12376,53.987736,-1.045449,YO32 9GX,Socket 1,1
12376,53.987736,-1.045449,YO32 9GX,Socket 2,1
12377,53.987949,-1.045390,YO32 9GX,Socket 1,0
12377,53.987949,-1.045390,YO32 9GX,Socket 2,0
12385,53.156300,-1.169590,NG19 0HA,Socket 1,0
12385,53.156300,-1.169590,NG19 0HA,Socket 2,0
12384,51.723202,-0.828800,HP27 0BS,Socket 1,2
12384,51.723202,-0.828800,HP27 0BS,Socket 2,2
12416,52.958832,-1.147566,NG1 3QN,Socket 1,2
12416,52.958832,-1.147566,NG1 3QN,Socket 2,2
12417,52.958866,-1.147584,NG1 3QN,Socket 1,0
12417,52.958866,-1.147584,NG1 3QN,Socket 2,0
12418,52.958904,-1.147600,NG1 3QN,Socket 1,2
12418,52.958904,-1.147600,NG1 3QN,Socket 2,2
12419,52.958931,-1.147624,NG1 3QN,Socket 1,2
12419,52.958931,-1.147624,NG1 3QN,Socket 2,2
12420,52.956280,-1.146540,NG1 3QN,Socket 1,2
12420,52.956280,-1.146540,NG1 3QN,Socket 2,2
12421,52.956280,-1.146510,NG1 3QN,Socket 1,2
12421,52.956280,-1.146510,NG1 3QN,Socket 2,2
12422,52.956280,-1.146459,NG1 3QN,Socket 1,2
12422,52.956280,-1.146459,NG1 3QN,Socket 2,2
12423,52.956276,-1.146432,NG1 3QN,Socket 1,2
12423,52.956276,-1.146432,NG1 3QN,Socket 2,2
T175_IT1_2319_025,51.476345,-0.395964,TW5 9BA,Connector 1,0
T175_IT1_2319_025,51.476345,-0.395964,TW5 9BA,Connector 2,0
12502,52.134216,-0.445056,MK41 9SD,Socket 1,0
12502,52.134216,-0.445056,MK41 9SD,Socket 2,1
12437,51.062252,-0.325787,RH12 1DG,Socket 1,0
12437,51.062252,-0.325787,RH12 1DG,Socket 2,0
12438,51.062241,-0.325766,RH12 1DG,Socket 1,2
12438,51.062241,-0.325766,RH12 1DG,Socket 2,2
12439,51.062218,-0.325819,RH12 1DG,Socket 1,0
12439,51.062218,-0.325819,RH12 1DG,Socket 2,0
12440,51.062199,-0.325798,RH12 1DG,Socket 1,1
12440,51.062199,-0.325798,RH12 1DG,Socket 2,0
12567,53.258610,-1.382465,S43 1DQ,Socket 1,0
12567,53.258610,-1.382465,S43 1DQ,Socket 2,0
12424,52.956276,-1.146406,NG1 3QN,Socket 1,2
12424,52.956276,-1.146406,NG1 3QN,Socket 2,2
12425,52.956280,-1.146374,NG1 3QN,Socket 1,2
12425,52.956280,-1.146374,NG1 3QN,Socket 2,2
12426,52.956276,-1.146345,NG1 3QN,Socket 1,2
12426,52.956276,-1.146345,NG1 3QN,Socket 2,2
12427,52.956276,-1.146312,NG1 3QN,Socket 1,2
12427,52.956276,-1.146312,NG1 3QN,Socket 2,2
12428,52.956280,-1.146248,NG1 3QN,Socket 1,2
12428,52.956280,-1.146248,NG1 3QN,Socket 2,2
12429,52.956291,-1.146225,NG1 3QN,Socket 1,2
12429,52.956291,-1.146225,NG1 3QN,Socket 2,2
12430,52.956291,-1.146193,NG1 3QN,Socket 1,2
12430,52.956291,-1.146193,NG1 3QN,Socket 2,2
12431,52.956287,-1.146162,NG1 3QN,Socket 1,2
12431,52.956287,-1.146162,NG1 3QN,Socket 2,2
12219,53.583637,-2.536520,BL6 6JA,Socket 1,0
12219,53.583637,-2.536520,BL6 6JA,Socket 2,0
12220,53.583675,-2.536605,BL6 6JA,Socket 1,0
12220,53.583675,-2.536605,BL6 6JA,Socket 2,0
12441,53.078281,-0.815468,NG24 1BS,Socket 1,0
12441,53.078281,-0.815468,NG24 1BS,Socket 2,0
12442,53.078281,-0.815413,NG24 1BS,Socket 1,0
12442,53.078281,-0.815413,NG24 1BS,Socket 2,0
12443,53.078285,-0.815339,NG24 1BS,Socket 1,0
12443,53.078285,-0.815339,NG24 1BS,Socket 2,0
12444,53.078297,-0.815253,NG24 1BS,Socket 1,0
12444,53.078297,-0.815253,NG24 1BS,Socket 2,0
12568,51.799107,-1.328975,OX29 4SU,Socket 1,1
12568,51.799107,-1.328975,OX29 4SU,Socket 2,0
12468,50.405258,-4.952116,TR8 4LX,Socket 1,0
12468,50.405258,-4.952116,TR8 4LX,Socket 2,1
12469,50.405212,-4.952212,TR8 4LX,Socket 1,0
12469,50.405212,-4.952212,TR8 4LX,Socket 2,2
12251,51.829868,-1.311486,OX5 1GN,Socket 1,0
12251,51.829868,-1.311486,OX5 1GN,Socket 2,0
12252,51.829830,-1.311690,OX5 1GN,Socket 1,0
12252,51.829830,-1.311690,OX5 1GN,Socket 2,0
12480,52.343624,0.500373,IP28 7JX,Socket 1,0
12480,52.343624,0.500373,IP28 7JX,Socket 2,0
T175_IT1_3019_042,50.852482,-0.945646,PO10 7BW,Connector 1,0
T175_IT1_3019_042,50.852482,-0.945646,PO10 7BW,Connector 2,0
12521,52.568001,-2.036320,WS10 8UZ,Socket 1,0
12521,52.568001,-2.036320,WS10 8UZ,Socket 2,0
12451,53.145420,-1.199090,NG18 1SU,Socket 1,0
12451,53.145420,-1.199090,NG18 1SU,Socket 2,0
12452,53.237480,-1.429891,S40 1UJ,Socket 1,0
12452,53.237480,-1.429891,S40 1UJ,Socket 2,0
12602,52.674694,-0.657411,LE15 8AH,Socket 1,0
12602,52.674694,-0.657411,LE15 8AH,Socket 2,0
10721,51.607052,-0.001344,E4 9LH,Socket 1,1
10721,51.607052,-0.001344,E4 9LH,Socket 2,0
24752,52.055622,-0.758750,MK14 6LY,Connector 1,2
24752,52.055622,-0.758750,MK14 6LY,Connector 2,2
24752,52.055622,-0.758750,MK14 6LY,Connector 3,1
24753,50.404800,-4.951400,TR8 4LX,Connector 1,2
24753,50.404800,-4.951400,TR8 4LX,Connector 2,2
24753,50.404800,-4.951400,TR8 4LX,Connector 3,2
24755,53.473839,-2.143496,M34 5GB,Connector 1,0
24755,53.473839,-2.143496,M34 5GB,Connector 2,0
24755,53.473839,-2.143496,M34 5GB,Connector 3,0
24756,52.895802,-1.269200,NG10 1EE,Connector 1,0
24756,52.895802,-1.269200,NG10 1EE,Connector 2,0
24756,52.895802,-1.269200,NG10 1EE,Connector 3,0
24758,52.762520,-1.249018,LE11 4EX,Connector 1,0
24758,52.762520,-1.249018,LE11 4EX,Connector 2,0
24758,52.762520,-1.249018,LE11 4EX,Connector 3,0
24759,51.652283,-0.078688,EN1 1YY,Connector 1,1
24759,51.652283,-0.078688,EN1 1YY,Connector 2,2
24759,51.652283,-0.078688,EN1 1YY,Connector 3,2
24760,51.554554,-0.122733,N7 0SF,Connector 1,0
24760,51.554554,-0.122733,N7 0SF,Connector 2,0
24760,51.554554,-0.122733,N7 0SF,Connector 3,0
24761,53.549114,-1.517058,S75 3LF,Connector 1,0
24761,53.549114,-1.517058,S75 3LF,Connector 2,0
24761,53.549114,-1.517058,S75 3LF,Connector 3,0
24762,50.895943,0.067284,BN8 5RB,Connector 1,1
24762,50.895943,0.067284,BN8 5RB,Connector 2,2
24762,50.895943,0.067284,BN8 5RB,Connector 3,2
24763,51.616295,-0.064090,N18 2TZ,Connector 1,0
24763,51.616295,-0.064090,N18 2TZ,Connector 2,0
24763,51.616295,-0.064090,N18 2TZ,Connector 3,0
24766,53.284290,-1.290507,S43 4TX,Connector 1,2
24766,53.284290,-1.290507,S43 4TX,Connector 2,2
24766,53.284290,-1.290507,S43 4TX,Connector 3,2
24767,53.800526,-2.312247,BB12 8BQ,Connector 1,0
24767,53.800526,-2.312247,BB12 8BQ,Connector 2,0
24767,53.800526,-2.312247,BB12 8BQ,Connector 3,0
24768,53.712070,-1.388487,WF10 5TG,Connector 1,2
24768,53.712070,-1.388487,WF10 5TG,Connector 2,2
24768,53.712070,-1.388487,WF10 5TG,Connector 3,2
24769,53.787308,-1.404327,LS25 1NB,Connector 1,0
24769,53.787308,-1.404327,LS25 1NB,Connector 2,0
24769,53.787308,-1.404327,LS25 1NB,Connector 3,0
24770,51.180687,-0.623084,GU7 1RH,Connector 1,1
24770,51.180687,-0.623084,GU7 1RH,Connector 2,2
24770,51.180687,-0.623084,GU7 1RH,Connector 3,2
24771,53.411476,-2.632990,WA5 8WF,Connector 1,0
24771,53.411476,-2.632990,WA5 8WF,Connector 2,0
24771,53.411476,-2.632990,WA5 8WF,Connector 3,0
24772,50.716290,-1.974917,BH15 1RZ,Connector 1,0
24772,50.716290,-1.974917,BH15 1RZ,Connector 2,0
24772,50.716290,-1.974917,BH15 1RZ,Connector 3,0
24773,53.006001,-1.128500,NG5 7BQ,Connector 1,0
24773,53.006001,-1.128500,NG5 7BQ,Connector 2,0
24773,53.006001,-1.128500,NG5 7BQ,Connector 3,0
24774,53.745220,-1.623884,LS27 0LY,Connector 1,0
24774,53.745220,-1.623884,LS27 0LY,Connector 2,0
24774,53.745220,-1.623884,LS27 0LY,Connector 3,0
24775,50.716297,-1.975089,BH15 1RZ,Connector 1,0
24775,50.716297,-1.975089,BH15 1RZ,Connector 2,0
24775,50.716297,-1.975089,BH15 1RZ,Connector 3,0
24777,52.021820,-0.691694,MK7 7PB,Connector 1,2
24777,52.021820,-0.691694,MK7 7PB,Connector 2,2
24777,52.021820,-0.691694,MK7 7PB,Connector 3,1
24778,51.632736,-0.128560,N14 5PA,Connector 1,2
24778,51.632736,-0.128560,N14 5PA,Connector 2,2
24778,51.632736,-0.128560,N14 5PA,Connector 3,1
24779,51.657570,-0.047929,EN3 5BA,Connector 1,0
24779,51.657570,-0.047929,EN3 5BA,Connector 2,0
24779,51.657570,-0.047929,EN3 5BA,Connector 3,0
24780,51.657570,-0.047929,EN3 5BA,Connector 1,0
24780,51.657570,-0.047929,EN3 5BA,Connector 2,0
24780,51.657570,-0.047929,EN3 5BA,Connector 3,0
24786,51.591545,0.047010,IG8 8LG,Connector 1,0
24786,51.591545,0.047010,IG8 8LG,Connector 2,0
24786,51.591545,0.047010,IG8 8LG,Connector 3,0
24788,51.453800,-0.428724,TW14 8BU,Connector 1,0
24788,51.453800,-0.428724,TW14 8BU,Connector 2,0
24788,51.453800,-0.428724,TW14 8BU,Connector 3,0
24789,51.581757,-0.033931,E17 7AB,Connector 1,2
24789,51.581757,-0.033931,E17 7AB,Connector 2,1
24789,51.581757,-0.033931,E17 7AB,Connector 3,2
24792,53.330879,-1.982710,SK23 7LU,Connector 1,2
24792,53.330879,-1.982710,SK23 7LU,Connector 2,2
24792,53.330879,-1.982710,SK23 7LU,Connector 3,2
24793,52.936279,-1.135000,NG2 7QP,Connector 1,2
24793,52.936279,-1.135000,NG2 7QP,Connector 2,2
24793,52.936279,-1.135000,NG2 7QP,Connector 3,1
24794,53.442440,-1.950650,SK13 8AF,Connector 1,0
24794,53.442440,-1.950650,SK13 8AF,Connector 2,0
24794,53.442440,-1.950650,SK13 8AF,Connector 3,0
24795,53.348301,-1.744600,S33 6RD,Connector 1,0
24795,53.348301,-1.744600,S33 6RD,Connector 2,0
24795,53.348301,-1.744600,S33 6RD,Connector 3,2
24796,52.036217,-0.776412,MK9 1AW,Connector 1,0
24796,52.036217,-0.776412,MK9 1AW,Connector 2,0
24796,52.036217,-0.776412,MK9 1AW,Connector 3,0
24797,53.774685,-1.513267,LS10 1SW,Connector 1,0
24797,53.774685,-1.513267,LS10 1SW,Connector 2,0
24797,53.774685,-1.513267,LS10 1SW,Connector 3,0
24798,53.462498,-1.966890,SK13 1QR,Connector 1,0
24798,53.462498,-1.966890,SK13 1QR,Connector 2,0
24798,53.462498,-1.966890,SK13 1QR,Connector 3,0
24799,53.536915,-0.541342,DN20 9AN,Connector 1,0
24799,53.536915,-0.541342,DN20 9AN,Connector 2,0
24799,53.536915,-0.541342,DN20 9AN,Connector 3,0
24800,51.446026,0.153468,DA5 1ND,Connector 1,2
24800,51.446026,0.153468,DA5 1ND,Connector 2,0
24800,51.446026,0.153468,DA5 1ND,Connector 3,0
24801,52.955280,-1.154510,NG1 5GD,Connector 1,NA
24801,52.955280,-1.154510,NG1 5GD,Connector 2,NA
24801,52.955280,-1.154510,NG1 5GD,Connector 3,NA
24802,52.955662,-1.154500,NG1 5GD,Connector 1,2
24802,52.955662,-1.154500,NG1 5GD,Connector 2,2
24802,52.955662,-1.154500,NG1 5GD,Connector 3,NA
24803,52.955551,-1.154730,NG1 5GD,Connector 1,0
24803,52.955551,-1.154730,NG1 5GD,Connector 2,0
24803,52.955551,-1.154730,NG1 5GD,Connector 3,0
24804,54.578751,-2.475880,CA16 6JB,Connector 1,0
24804,54.578751,-2.475880,CA16 6JB,Connector 2,0
24804,54.578751,-2.475880,CA16 6JB,Connector 3,0
24806,51.583340,0.020650,E11 1PE,Connector 1,0
24806,51.583340,0.020650,E11 1PE,Connector 2,0
24806,51.583340,0.020650,E11 1PE,Connector 3,0
24807,53.080650,-0.814389,NG24 1BY,Connector 1,2
24807,53.080650,-0.814389,NG24 1BY,Connector 2,2
24807,53.080650,-0.814389,NG24 1BY,Connector 3,2
24809,54.095158,-1.393889,YO51 9PQ,Connector 1,0
24809,54.095158,-1.393889,YO51 9PQ,Connector 2,0
24809,54.095158,-1.393889,YO51 9PQ,Connector 3,0
24810,53.223202,-0.543500,LN5 7RU,Connector 1,0
24810,53.223202,-0.543500,LN5 7RU,Connector 2,0
24810,53.223202,-0.543500,LN5 7RU,Connector 3,0
24811,53.619537,-0.203316,DN40 1AD,Connector 1,0
24811,53.619537,-0.203316,DN40 1AD,Connector 2,0
24811,53.619537,-0.203316,DN40 1AD,Connector 3,0
24812,52.896980,-1.862630,ST14 8TH,Connector 1,1
24812,52.896980,-1.862630,ST14 8TH,Connector 2,2
24812,52.896980,-1.862630,ST14 8TH,Connector 3,2
24813,54.234169,-1.342230,YO7 1PE,Connector 1,0
24813,54.234169,-1.342230,YO7 1PE,Connector 2,0
24813,54.234169,-1.342230,YO7 1PE,Connector 3,0
24814,54.387505,-1.318206,DL6 3JB,Connector 1,0
24814,54.387505,-1.318206,DL6 3JB,Connector 2,0
24814,54.387505,-1.318206,DL6 3JB,Connector 3,0
24818,52.057652,-0.767246,MK14 6GY,Connector 1,0
24818,52.057652,-0.767246,MK14 6GY,Connector 2,0
24818,52.057652,-0.767246,MK14 6GY,Connector 3,0
24820,53.878399,-3.042600,FY5 1BW,Connector 1,0
24820,53.878399,-3.042600,FY5 1BW,Connector 2,0
24820,53.878399,-3.042600,FY5 1BW,Connector 3,0
24821,53.525627,-1.627380,S36 6DY,Connector 1,0
24821,53.525627,-1.627380,S36 6DY,Connector 2,0
24821,53.525627,-1.627380,S36 6DY,Connector 3,0
24823,54.288597,-1.590426,DL8 2AD,Connector 1,2
24823,54.288597,-1.590426,DL8 2AD,Connector 2,2
24823,54.288597,-1.590426,DL8 2AD,Connector 3,1
24824,53.082150,-1.574028,DE4 4ET,Connector 1,2
24824,53.082150,-1.574028,DE4 4ET,Connector 2,2
24824,53.082150,-1.574028,DE4 4ET,Connector 3,2
24825,53.378647,-3.049308,CH43 2HJ,Connector 1,0
24825,53.378647,-3.049308,CH43 2HJ,Connector 2,0
24825,53.378647,-3.049308,CH43 2HJ,Connector 3,0
24827,53.257568,-0.926032,DN22 0QU,Connector 1,2
24827,53.257568,-0.926032,DN22 0QU,Connector 2,2
24827,53.257568,-0.926032,DN22 0QU,Connector 3,2
24828,52.731300,-1.110600,LE12 7NA,Connector 1,0
24828,52.731300,-1.110600,LE12 7NA,Connector 2,0
24828,52.731300,-1.110600,LE12 7NA,Connector 3,0
24829,52.951542,-0.952329,NG13 8AB,Connector 1,0
24829,52.951542,-0.952329,NG13 8AB,Connector 2,0
24829,52.951542,-0.952329,NG13 8AB,Connector 3,0
24831,52.014938,-0.695810,MK7 7ED,Connector 1,1
24831,52.014938,-0.695810,MK7 7ED,Connector 2,2
24831,52.014938,-0.695810,MK7 7ED,Connector 3,2
24832,52.057812,-0.767326,MK14 6GY,Connector 1,0
24832,52.057812,-0.767326,MK14 6GY,Connector 2,0
24832,52.057812,-0.767326,MK14 6GY,Connector 3,0
24833,52.038147,-0.801385,MK8 8HL,Connector 1,0
24833,52.038147,-0.801385,MK8 8HL,Connector 2,0
24833,52.038147,-0.801385,MK8 8HL,Connector 3,0
24834,53.745602,-0.864700,DN14 7GQ,Connector 1,0
24834,53.745602,-0.864700,DN14 7GQ,Connector 2,0
24834,53.745602,-0.864700,DN14 7GQ,Connector 3,0
24837,52.057693,-0.767266,MK14 6GY,Connector 1,0
24837,52.057693,-0.767266,MK14 6GY,Connector 2,0
24837,52.057693,-0.767266,MK14 6GY,Connector 3,0
24838,52.015991,-0.794850,MK5 6LB,Connector 1,0
24838,52.015991,-0.794850,MK5 6LB,Connector 2,0
24838,52.015991,-0.794850,MK5 6LB,Connector 3,0
24839,52.050312,-0.736654,MK9 4AD,Connector 1,0
24839,52.050312,-0.736654,MK9 4AD,Connector 2,0
24839,52.050312,-0.736654,MK9 4AD,Connector 3,0
24840,51.483963,-0.167703,SW3 5HX,Connector 1,0
24840,51.483963,-0.167703,SW3 5HX,Connector 2,0
24840,51.483963,-0.167703,SW3 5HX,Connector 3,0
24841,52.038521,-0.770950,MK9 1AL,Connector 1,0
24841,52.038521,-0.770950,MK9 1AL,Connector 2,0
24841,52.038521,-0.770950,MK9 1AL,Connector 3,0
24842,51.561691,-0.111743,N7 7PT,Connector 1,0
24842,51.561691,-0.111743,N7 7PT,Connector 2,0
24842,51.561691,-0.111743,N7 7PT,Connector 3,0
24846,51.492462,-0.159534,SW3 2RW,Connector 1,2
24846,51.492462,-0.159534,SW3 2RW,Connector 2,2
24846,51.492462,-0.159534,SW3 2RW,Connector 3,1
24847,51.376774,-0.019622,BR4 0LS,Connector 1,1
24847,51.376774,-0.019622,BR4 0LS,Connector 2,2
24847,51.376774,-0.019622,BR4 0LS,Connector 3,2
24848,52.953949,-1.181970,NG7 2DU,Connector 1,2
24848,52.953949,-1.181970,NG7 2DU,Connector 2,2
24848,52.953949,-1.181970,NG7 2DU,Connector 3,2
24849,51.342533,-0.016436,CR0 0JB,Connector 1,0
24849,51.342533,-0.016436,CR0 0JB,Connector 2,0
24849,51.342533,-0.016436,CR0 0JB,Connector 3,2
24852,51.461704,-0.013699,SE13 7DS,Connector 1,2
24852,51.461704,-0.013699,SE13 7DS,Connector 2,2
24852,51.461704,-0.013699,SE13 7DS,Connector 3,2
24856,51.529224,-0.292079,W5 3QS,Connector 1,2
24856,51.529224,-0.292079,W5 3QS,Connector 2,1
24856,51.529224,-0.292079,W5 3QS,Connector 3,2
24857,51.438065,-0.053180,SE23 2NJ,Connector 1,2
24857,51.438065,-0.053180,SE23 2NJ,Connector 2,2
24857,51.438065,-0.053180,SE23 2NJ,Connector 3,2
24859,51.461815,-0.013284,SE13 7DS,Connector 1,2
24859,51.461815,-0.013284,SE13 7DS,Connector 2,2
24859,51.461815,-0.013284,SE13 7DS,Connector 3,2
24860,51.438049,-0.053036,SE23 2NJ,Connector 1,2
24860,51.438049,-0.053036,SE23 2NJ,Connector 2,2
24860,51.438049,-0.053036,SE23 2NJ,Connector 3,2
24862,51.375900,-0.015887,BR4 0LP,Connector 1,0
24862,51.375900,-0.015887,BR4 0LP,Connector 2,0
24862,51.375900,-0.015887,BR4 0LP,Connector 3,0
24865,51.465763,-0.364616,TW3 3TQ,Connector 1,0
24865,51.465763,-0.364616,TW3 3TQ,Connector 2,0
24865,51.465763,-0.364616,TW3 3TQ,Connector 3,0
24866,53.259209,-1.907894,SK17 6BY,Connector 1,0
24866,53.259209,-1.907894,SK17 6BY,Connector 2,0
24866,53.259209,-1.907894,SK17 6BY,Connector 3,0
24868,52.043583,-0.748222,MK9 3ES,Connector 1,0
24868,52.043583,-0.748222,MK9 3ES,Connector 2,0
24868,52.043583,-0.748222,MK9 3ES,Connector 3,0
24870,52.051891,-0.729334,MK15 0DT,Connector 1,0
24870,52.051891,-0.729334,MK15 0DT,Connector 2,0
24870,52.051891,-0.729334,MK15 0DT,Connector 3,0
24871,51.465725,-0.364712,TW3 3TQ,Connector 1,0
24871,51.465725,-0.364712,TW3 3TQ,Connector 2,0
24871,51.465725,-0.364712,TW3 3TQ,Connector 3,0
24872,51.519798,-0.169612,W2 1DX,Connector 1,2
24872,51.519798,-0.169612,W2 1DX,Connector 2,2
24872,51.519798,-0.169612,W2 1DX,Connector 3,2
24873,51.539764,-0.131546,N1C 4PW,Connector 1,0
24873,51.539764,-0.131546,N1C 4PW,Connector 2,0
24873,51.539764,-0.131546,N1C 4PW,Connector 3,0
24874,52.963081,-1.152530,NG1 4EN,Connector 1,2
24874,52.963081,-1.152530,NG1 4EN,Connector 2,2
24874,52.963081,-1.152530,NG1 4EN,Connector 3,2
24876,52.014992,-0.695798,MK7 7ED,Connector 1,0
24876,52.014992,-0.695798,MK7 7ED,Connector 2,0
24876,52.014992,-0.695798,MK7 7ED,Connector 3,0
24878,51.507191,-0.276935,W3 8EA,Connector 1,0
24878,51.507191,-0.276935,W3 8EA,Connector 2,0
24878,51.507191,-0.276935,W3 8EA,Connector 3,0
24879,51.456688,0.050472,SE9 6SR,Connector 1,2
24879,51.456688,0.050472,SE9 6SR,Connector 2,2
24879,51.456688,0.050472,SE9 6SR,Connector 3,2
24882,51.528934,-0.093089,N1 7TG,Connector 1,2
24882,51.528934,-0.093089,N1 7TG,Connector 2,2
24882,51.528934,-0.093089,N1 7TG,Connector 3,2
24883,52.952942,-1.154250,NG1 6HE,Connector 1,2
24883,52.952942,-1.154250,NG1 6HE,Connector 2,0
24883,52.952942,-1.154250,NG1 6HE,Connector 3,0
24884,51.492363,-0.279042,W4 5YT,Connector 1,1
24884,51.492363,-0.279042,W4 5YT,Connector 2,2
24884,51.492363,-0.279042,W4 5YT,Connector 3,2
24885,51.415672,-0.054306,SE20 8JB,Connector 1,0
24885,51.415672,-0.054306,SE20 8JB,Connector 2,0
24885,51.415672,-0.054306,SE20 8JB,Connector 3,0
24888,51.567993,0.008510,E11 1HG,Connector 1,0
24888,51.567993,0.008510,E11 1HG,Connector 2,0
24888,51.567993,0.008510,E11 1HG,Connector 3,0
24889,51.402073,-0.256406,KT3 3QE,Connector 1,1
24889,51.402073,-0.256406,KT3 3QE,Connector 2,2
24889,51.402073,-0.256406,KT3 3QE,Connector 3,2
24890,51.582993,-0.029653,E17 7DB,Connector 1,1
24890,51.582993,-0.029653,E17 7DB,Connector 2,2
24890,51.582993,-0.029653,E17 7DB,Connector 3,2
24891,51.408421,0.274582,KT1 3RU,Connector 1,2
24891,51.408421,0.274582,KT1 3RU,Connector 2,1
24891,51.408421,0.274582,KT1 3RU,Connector 3,2
24892,51.435921,0.063070,SE9 3SZ,Connector 1,0
24892,51.435921,0.063070,SE9 3SZ,Connector 2,0
24892,51.435921,0.063070,SE9 3SZ,Connector 3,0
24893,52.562263,-2.078065,WV14 0EF,Connector 1,0
24893,52.562263,-2.078065,WV14 0EF,Connector 2,0
24893,52.562263,-2.078065,WV14 0EF,Connector 3,0
24896,52.051872,-0.729334,MK15 0DT,Connector 1,0
24896,52.051872,-0.729334,MK15 0DT,Connector 2,0
24896,52.051872,-0.729334,MK15 0DT,Connector 3,0
24897,52.563728,-2.078990,WV14 0DN,Connector 1,0
24897,52.563728,-2.078990,WV14 0DN,Connector 2,0
24897,52.563728,-2.078990,WV14 0DN,Connector 3,0
24898,52.871799,-1.092100,NG12 5JU,Connector 1,2
24898,52.871799,-1.092100,NG12 5JU,Connector 2,2
24898,52.871799,-1.092100,NG12 5JU,Connector 3,2
24900,52.086895,-0.725764,MK16 8QT,Connector 1,1
24900,52.086895,-0.725764,MK16 8QT,Connector 2,2
24900,52.086895,-0.725764,MK16 8QT,Connector 3,2
24901,52.959438,-1.155960,NG1 4GL,Connector 1,0
24901,52.959438,-1.155960,NG1 4GL,Connector 2,0
24901,52.959438,-1.155960,NG1 4GL,Connector 3,0
24902,51.244877,-0.728935,GU12 6LA,Connector 1,2
24902,51.244877,-0.728935,GU12 6LA,Connector 2,1
24902,51.244877,-0.728935,GU12 6LA,Connector 3,2
24903,52.042622,-0.746806,MK9 3XS,Connector 1,0
24903,52.042622,-0.746806,MK9 3XS,Connector 2,0
24903,52.042622,-0.746806,MK9 3XS,Connector 3,0
24905,52.051517,-0.705261,MK15 0DQ,Connector 1,0
24905,52.051517,-0.705261,MK15 0DQ,Connector 2,0
24905,52.051517,-0.705261,MK15 0DQ,Connector 3,0
24906,52.001812,-0.779464,MK4 3DA,Connector 1,0
24906,52.001812,-0.779464,MK4 3DA,Connector 2,0
24906,52.001812,-0.779464,MK4 3DA,Connector 3,0
24907,52.021820,-0.691694,MK7 7PB,Connector 1,0
24907,52.021820,-0.691694,MK7 7PB,Connector 2,0
24907,52.021820,-0.691694,MK7 7PB,Connector 3,0
24910,52.952351,-1.174970,NG7 2BT,Connector 1,0
24910,52.952351,-1.174970,NG7 2BT,Connector 2,0
24910,52.952351,-1.174970,NG7 2BT,Connector 3,0
24917,51.415409,0.017867,BR1 4DE,Connector 1,1
24917,51.415409,0.017867,BR1 4DE,Connector 2,2
24917,51.415409,0.017867,BR1 4DE,Connector 3,2
24918,51.556816,-0.074149,N16 7UX,Connector 1,1
24918,51.556816,-0.074149,N16 7UX,Connector 2,2
24918,51.556816,-0.074149,N16 7UX,Connector 3,2
24919,51.392086,-0.298284,KT6 6AF,Connector 1,2
24919,51.392086,-0.298284,KT6 6AF,Connector 2,1
24919,51.392086,-0.298284,KT6 6AF,Connector 3,2
24920,51.308491,0.038688,TN16 3BB,Connector 1,0
24920,51.308491,0.038688,TN16 3BB,Connector 2,0
24920,51.308491,0.038688,TN16 3BB,Connector 3,0
24921,51.534489,-0.080523,N1 5LX,Connector 1,1
24921,51.534489,-0.080523,N1 5LX,Connector 2,2
24921,51.534489,-0.080523,N1 5LX,Connector 3,2
24925,53.469482,-2.281989,M5 3AW,Connector 1,1
24925,53.469482,-2.281989,M5 3AW,Connector 2,2
24925,53.469482,-2.281989,M5 3AW,Connector 3,2
24926,53.205009,-2.854402,CH2 3PD,Connector 1,2
24926,53.205009,-2.854402,CH2 3PD,Connector 2,2
24926,53.205009,-2.854402,CH2 3PD,Connector 3,2
24927,51.437183,-0.536808,TW20 0AG,Connector 1,0
24927,51.437183,-0.536808,TW20 0AG,Connector 2,0
24927,51.437183,-0.536808,TW20 0AG,Connector 3,0
24928,50.786949,-1.976552,BH21 1RN,Connector 1,1
24928,50.786949,-1.976552,BH21 1RN,Connector 2,2
24928,50.786949,-1.976552,BH21 1RN,Connector 3,2
24929,52.048065,-0.827349,MK11 1XN,Connector 1,0
24929,52.048065,-0.827349,MK11 1XN,Connector 2,0
24929,52.048065,-0.827349,MK11 1XN,Connector 3,0
24930,52.001751,-0.779431,MK4 3DA,Connector 1,0
24930,52.001751,-0.779431,MK4 3DA,Connector 2,0
24930,52.001751,-0.779431,MK4 3DA,Connector 3,0
24931,53.497810,-2.376770,M28 2ED,Connector 1,1
24931,53.497810,-2.376770,M28 2ED,Connector 2,2
24931,53.497810,-2.376770,M28 2ED,Connector 3,2
24932,52.042645,-0.746689,MK9 3XS,Connector 1,1
24932,52.042645,-0.746689,MK9 3XS,Connector 2,2
24932,52.042645,-0.746689,MK9 3XS,Connector 3,2
24933,52.049171,-0.724131,MK15 0DS,Connector 1,0
24933,52.049171,-0.724131,MK15 0DS,Connector 2,0
24933,52.049171,-0.724131,MK15 0DS,Connector 3,0
24934,52.025528,-0.695825,MK7 6HH,Connector 1,0
24934,52.025528,-0.695825,MK7 6HH,Connector 2,0
24934,52.025528,-0.695825,MK7 6HH,Connector 3,0
24937,52.062355,-0.731227,MK15 9JL,Connector 1,0
24937,52.062355,-0.731227,MK15 9JL,Connector 2,0
24937,52.062355,-0.731227,MK15 9JL,Connector 3,0
24938,51.875500,-2.268500,GL2 8DB,Connector 1,2
24938,51.875500,-2.268500,GL2 8DB,Connector 2,2
24938,51.875500,-2.268500,GL2 8DB,Connector 3,2
24942,51.565411,-0.102887,N4 2AW,Connector 1,0
24942,51.565411,-0.102887,N4 2AW,Connector 2,0
24942,51.565411,-0.102887,N4 2AW,Connector 3,0
24943,51.532295,-0.452477,UB10 0PH,Connector 1,1
24943,51.532295,-0.452477,UB10 0PH,Connector 2,2
24943,51.532295,-0.452477,UB10 0PH,Connector 3,2
24944,51.379368,-0.243497,KT4 8DT,Connector 1,2
24944,51.379368,-0.243497,KT4 8DT,Connector 2,2
24944,51.379368,-0.243497,KT4 8DT,Connector 3,2
24945,51.394360,-0.266335,KT3 5ES,Connector 1,0
24945,51.394360,-0.266335,KT3 5ES,Connector 2,0
24945,51.394360,-0.266335,KT3 5ES,Connector 3,0
24946,51.364285,-0.298923,KT9 1QF,Connector 1,0
24946,51.364285,-0.298923,KT9 1QF,Connector 2,0
24946,51.364285,-0.298923,KT9 1QF,Connector 3,0
24954,51.867199,-0.404524,W1K 7TY,Connector 1,0
24954,51.867199,-0.404524,W1K 7TY,Connector 2,0
24954,51.867199,-0.404524,W1K 7TY,Connector 3,0
24957,52.015587,-0.722560,MK6 4AN,Connector 1,0
24957,52.015587,-0.722560,MK6 4AN,Connector 2,0
24957,52.015587,-0.722560,MK6 4AN,Connector 3,0
24958,52.015579,-0.722490,MK6 4AN,Connector 1,1
24958,52.015579,-0.722490,MK6 4AN,Connector 2,2
24958,52.015579,-0.722490,MK6 4AN,Connector 3,2
24962,52.028606,-0.705089,MK7 6BZ,Connector 1,0
24962,52.028606,-0.705089,MK7 6BZ,Connector 2,0
24962,52.028606,-0.705089,MK7 6BZ,Connector 3,0
24963,52.044567,-0.770930,MK13 8DY,Connector 1,0
24963,52.044567,-0.770930,MK13 8DY,Connector 2,0
24963,52.044567,-0.770930,MK13 8DY,Connector 3,0
24967,51.477371,-0.024059,SE8 4RJ,Connector 1,1
24967,51.477371,-0.024059,SE8 4RJ,Connector 2,2
24967,51.477371,-0.024059,SE8 4RJ,Connector 3,2
24968,51.630718,0.002762,E4 7BN,Connector 1,1
24968,51.630718,0.002762,E4 7BN,Connector 2,2
24968,51.630718,0.002762,E4 7BN,Connector 3,2
24969,51.599644,0.019946,E18 2PU,Connector 1,2
24969,51.599644,0.019946,E18 2PU,Connector 2,2
24969,51.599644,0.019946,E18 2PU,Connector 3,2
24970,51.546391,0.165086,RM10 7XD,Connector 1,0
24970,51.546391,0.165086,RM10 7XD,Connector 2,0
24970,51.546391,0.165086,RM10 7XD,Connector 3,0
24971,51.539635,0.127792,RM9 4TP,Connector 1,0
24971,51.539635,0.127792,RM9 4TP,Connector 2,0
24971,51.539635,0.127792,RM9 4TP,Connector 3,0
24972,51.501656,-0.285901,W5 4HB,Connector 1,1
24972,51.501656,-0.285901,W5 4HB,Connector 2,2
24972,51.501656,-0.285901,W5 4HB,Connector 3,2
24973,51.379116,-0.155439,SM6 7HW,Connector 1,1
24973,51.379116,-0.155439,SM6 7HW,Connector 2,2
24973,51.379116,-0.155439,SM6 7HW,Connector 3,2
24974,51.537189,-0.389531,UB5 5AU,Connector 1,2
24974,51.537189,-0.389531,UB5 5AU,Connector 2,1
24974,51.537189,-0.389531,UB5 5AU,Connector 3,2
24975,51.477364,-0.024117,SE8 4RJ,Connector 1,1
24975,51.477364,-0.024117,SE8 4RJ,Connector 2,2
24975,51.477364,-0.024117,SE8 4RJ,Connector 3,2
24976,51.419258,-0.198226,SW19 1RX,Connector 1,0
24976,51.419258,-0.198226,SW19 1RX,Connector 2,0
24976,51.419258,-0.198226,SW19 1RX,Connector 3,0
24982,51.559803,-0.082848,N16 9JU,Connector 1,0
24982,51.559803,-0.082848,N16 9JU,Connector 2,0
24982,51.559803,-0.082848,N16 9JU,Connector 3,0
24983,51.551949,-0.117953,N7 9RN,Connector 1,2
24983,51.551949,-0.117953,N7 9RN,Connector 2,1
24983,51.551949,-0.117953,N7 9RN,Connector 3,2
24984,51.514042,-0.250835,W3 7TZ,Connector 1,0
24984,51.514042,-0.250835,W3 7TZ,Connector 2,0
24984,51.514042,-0.250835,W3 7TZ,Connector 3,0
24985,51.546661,-0.089269,N1 2RG,Connector 1,0
24985,51.546661,-0.089269,N1 2RG,Connector 2,0
24985,51.546661,-0.089269,N1 2RG,Connector 3,0
24986,51.564739,0.110261,IG3 9UU,Connector 1,0
24986,51.564739,0.110261,IG3 9UU,Connector 2,0
24986,51.564739,0.110261,IG3 9UU,Connector 3,0
24987,52.946243,-1.038646,NG12 2GD,Connector 1,0
24987,52.946243,-1.038646,NG12 2GD,Connector 2,0
24987,52.946243,-1.038646,NG12 2GD,Connector 3,0
24990,51.401398,-2.335291,BA1 7JD,Connector 1,2
24990,51.401398,-2.335291,BA1 7JD,Connector 2,1
24990,51.401398,-2.335291,BA1 7JD,Connector 3,2
24991,52.910709,-1.038306,NG12 3JQ,Connector 1,NA
24991,52.910709,-1.038306,NG12 3JQ,Connector 2,NA
24991,52.910709,-1.038306,NG12 3JQ,Connector 3,NA
24995,52.910686,-1.038361,NG12 3JQ,Connector 1,0
24995,52.910686,-1.038361,NG12 3JQ,Connector 2,0
24995,52.910686,-1.038361,NG12 3JQ,Connector 3,0
24996,52.073753,-0.627949,MK43 0AL,Connector 1,0
24996,52.073753,-0.627949,MK43 0AL,Connector 2,0
24996,52.073753,-0.627949,MK43 0AL,Connector 3,0
12630,50.916714,-1.577066,SO40 2NR,Socket 1,0
12630,50.916714,-1.577066,SO40 2NR,Socket 2,1
12634,52.904560,-1.175700,NG11 8AB,Socket 1,0
12634,52.904560,-1.175700,NG11 8AB,Socket 2,0
12635,53.008598,-1.191940,NG6 8AP,Socket 1,0
12635,53.008598,-1.191940,NG6 8AP,Socket 2,0
12636,53.016899,-1.730400,DE6 1GD,Socket 1,0
12636,53.016899,-1.730400,DE6 1GD,Socket 2,0
12637,53.016922,-1.730368,DE6 1RT,Socket 1,0
12637,53.016922,-1.730368,DE6 1RT,Socket 2,0
12683,51.223579,1.401017,CT14 6AG,Socket 1,0
12683,51.223579,1.401017,CT14 6AG,Socket 2,0
12655,54.545391,-2.949612,CA11 0PE,Socket 1,0
12655,54.545391,-2.949612,CA11 0PE,Socket 2,1
12669,52.443073,-1.979487,B29 5UP,Socket 1,1
12669,52.443073,-1.979487,B29 5UP,Socket 2,0
12670,52.443081,-1.979583,B29 5UP,Socket 1,0
12670,52.443081,-1.979583,B29 5UP,Socket 2,0
12688,51.739101,-0.469762,HP3 9TG,Socket 1,0
12688,51.739101,-0.469762,HP3 9TG,Socket 2,0
12542,50.423923,-3.588420,TQ4 7EP,Socket 1,2
12542,50.423923,-3.588420,TQ4 7EP,Socket 2,0
T175_IT1_2719_023,51.490829,-0.218805,W6 8BJ,Connector 1,1
T175_IT1_2719_023,51.490829,-0.218805,W6 8BJ,Connector 2,0
T175_IT1_2919_016,51.490788,-0.218809,W6 8BJ,Connector 1,1
T175_IT1_2919_016,51.490788,-0.218809,W6 8BJ,Connector 2,0
T175_IT1_2919_056,51.490742,-0.218806,W6 8BJ,Connector 1,1
T175_IT1_2919_056,51.490742,-0.218806,W6 8BJ,Connector 2,0
T175_IT1_3019_032,51.490704,-0.218842,W6 8BJ,Connector 1,0
T175_IT1_3019_032,51.490704,-0.218842,W6 8BJ,Connector 2,1
12691,50.742744,-2.912853,DT6 6BT,Socket 1,0
12691,50.742744,-2.912853,DT6 6BT,Socket 2,0
12716,53.092106,-3.803302,LL24 0AY,Socket 1,0
12716,53.092106,-3.803302,LL24 0AY,Socket 2,0
12715,51.355022,-2.743418,BS40 5RB,Socket 1,2
12715,51.355022,-2.743418,BS40 5RB,Socket 2,2
12764,53.237480,-1.429839,S40 1UJ,Socket 1,0
12764,53.237480,-1.429839,S40 1UJ,Socket 2,0
12765,53.145428,-1.198989,NG18 1SU,Socket 1,0
12765,53.145428,-1.198989,NG18 1SU,Socket 2,0
12766,53.237484,-1.429783,S40 1UJ,Socket 1,1
12766,53.237484,-1.429783,S40 1UJ,Socket 2,0
12714,51.397816,-3.332890,CF62 3BT,Socket 1,0
12714,51.397816,-3.332890,CF62 3BT,Socket 2,0
12753,50.795197,-1.092653,PO1 2LX,Socket 1,0
12753,50.795197,-1.092653,PO1 2LX,Socket 2,0
12550,51.484047,-0.070133,SE1 5AG,Socket 1,1
12550,51.484047,-0.070133,SE1 5AG,Socket 2,0
t175_it1_1319_010,51.925610,0.898762,CO4 5XY,Connector 1,0
t175_it1_1319_010,51.925610,0.898762,CO4 5XY,Connector 2,1
t175_it1_2319_023,51.925564,0.898790,CO4 5XY,Connector 1,0
t175_it1_2319_023,51.925564,0.898790,CO4 5XY,Connector 2,1
12769,51.069302,-0.307300,RH13 5QR,Socket 1,0
12769,51.069302,-0.307300,RH13 5QR,Socket 2,0
12770,51.069328,-0.307390,RH13 5QR,Socket 1,0
12770,51.069328,-0.307390,RH13 5QR,Socket 2,0
12263,51.653530,-0.169714,EN4 9BS,Connector 1,0
12263,51.653530,-0.169714,EN4 9BS,Connector 2,1
12264,51.653545,-0.169658,EN4 9BS,Connector 1,2
12264,51.653545,-0.169658,EN4 9BS,Connector 2,2
12265,51.653561,-0.169612,EN4 9BS,Connector 1,1
12265,51.653561,-0.169612,EN4 9BS,Connector 2,0
12266,51.653568,-0.169579,EN4 9BS,Connector 1,0
12266,51.653568,-0.169579,EN4 9BS,Connector 2,0
12267,51.653576,-0.169535,EN4 9BS,Connector 1,0
12267,51.653576,-0.169535,EN4 9BS,Connector 2,0
12268,51.653580,-0.169475,EN4 9BS,Connector 1,0
12268,51.653580,-0.169475,EN4 9BS,Connector 2,0
12269,51.653591,-0.169421,EN4 9BS,Connector 1,0
12269,51.653591,-0.169421,EN4 9BS,Connector 2,1
12125,51.605106,-0.227492,NW4 1PX,Connector 1,0
12125,51.605106,-0.227492,NW4 1PX,Connector 2,0
12123,51.605175,-0.227531,NW4 1PX,Connector 1,0
12123,51.605175,-0.227531,NW4 1PX,Connector 2,0
12128,51.605045,-0.227456,NW4 1PX,Connector 1,0
12128,51.605045,-0.227456,NW4 1PX,Connector 2,0
12261,51.604855,-0.227348,NW4 1PX,Connector 1,0
12261,51.604855,-0.227348,NW4 1PX,Connector 2,0
12262,51.604836,-0.227331,NW4 1PX,Connector 1,0
12262,51.604836,-0.227331,NW4 1PX,Connector 2,1
12130,51.604980,-0.227417,NW4 1PX,Connector 1,0
12130,51.604980,-0.227417,NW4 1PX,Connector 2,0
12127,51.605064,-0.227466,NW4 1PX,Connector 1,0
12127,51.605064,-0.227466,NW4 1PX,Connector 2,0
12126,51.605087,-0.227480,NW4 1PX,Connector 1,0
12126,51.605087,-0.227480,NW4 1PX,Connector 2,0
12124,51.605129,-0.227505,NW4 1PX,Connector 1,0
12124,51.605129,-0.227505,NW4 1PX,Connector 2,0
12131,51.604961,-0.227403,NW4 1PX,Connector 1,0
12131,51.604961,-0.227403,NW4 1PX,Connector 2,0
12132,51.604939,-0.227395,NW4 1PX,Connector 1,0
12132,51.604939,-0.227395,NW4 1PX,Connector 2,0
12258,51.604919,-0.227380,NW4 1PX,Connector 1,0
12258,51.604919,-0.227380,NW4 1PX,Connector 2,0
12259,51.604897,-0.227369,NW4 1PX,Connector 1,0
12259,51.604897,-0.227369,NW4 1PX,Connector 2,0
12260,51.604874,-0.227354,NW4 1PX,Connector 1,0
12260,51.604874,-0.227354,NW4 1PX,Connector 2,0
12810,51.987312,-2.164831,GL20 5TT,Socket 1,0
12810,51.987312,-2.164831,GL20 5TT,Socket 2,0
12811,51.987309,-2.164896,GL20 5TT,Socket 1,1
12811,51.987309,-2.164896,GL20 5TT,Socket 2,0
12843,50.716282,-1.974980,BH15 1RZ,Socket 1,1
12843,50.716282,-1.974980,BH15 1RZ,Socket 2,0
12842,53.420719,-2.599363,WA2 8RN,Socket 1,1
12842,53.420719,-2.599363,WA2 8RN,Socket 2,0
12841,53.420643,-2.599431,WA2 8RN,Socket 1,1
12841,53.420643,-2.599431,WA2 8RN,Socket 2,0
12889,53.753281,-2.363199,BB5 1HL,Socket 1,0
12889,53.753281,-2.363199,BB5 1HL,Socket 2,0
12890,53.753254,-2.363185,BB5 1HL,Socket 1,0
12890,53.753254,-2.363185,BB5 1HL,Socket 2,0
12891,53.753223,-2.363204,BB5 1HL,Socket 1,0
12891,53.753223,-2.363204,BB5 1HL,Socket 2,0
12882,52.976151,-1.087140,NG4 3NN,Socket 1,0
12882,52.976151,-1.087140,NG4 3NN,Socket 2,0
12883,52.976158,-1.087214,NG4 3NN,Socket 1,0
12883,52.976158,-1.087214,NG4 3NN,Socket 2,0
12884,52.976177,-1.087278,NG4 3NN,Socket 1,0
12884,52.976177,-1.087278,NG4 3NN,Socket 2,0
12885,52.976192,-1.087352,NG4 3NN,Socket 1,0
12885,52.976192,-1.087352,NG4 3NN,Socket 2,0
12892,53.229134,-0.544488,LN1 1XL,Socket 1,0
12892,53.229134,-0.544488,LN1 1XL,Socket 2,0
12900,51.416599,0.002336,BR1 4JD,Socket 1,0
12900,51.416599,0.002336,BR1 4JD,Socket 2,0
T175_IT1_1319_009,51.616325,-3.007418,NP20 6NF,Connector 1,0
T175_IT1_1319_009,51.616325,-3.007418,NP20 6NF,Connector 2,0
T175_IT1_1419_076,51.616276,-3.007509,NP20 6NF,Connector 1,1
T175_IT1_1419_076,51.616276,-3.007509,NP20 6NF,Connector 2,0
10715,51.583241,-0.010900,E17 9LN,Socket 1,1
10715,51.583241,-0.010900,E17 9LN,Socket 2,1
T175_IT1_3619_007,51.755241,0.519567,CM2 5PY,Connector 1,1
T175_IT1_3619_007,51.755241,0.519567,CM2 5PY,Connector 2,0
12113,53.394623,-2.638069,WA5 3TW,Connector 1,1
12113,53.394623,-2.638069,WA5 3TW,Connector 2,1
12114,53.394600,-2.638034,WA5 3TW,Connector 1,0
12114,53.394600,-2.638034,WA5 3TW,Connector 2,0
12115,53.394627,-2.637953,WA5 3TW,Connector 1,0
12115,53.394627,-2.637953,WA5 3TW,Connector 2,1
12116,53.394680,-2.637938,WA5 3TW,Connector 1,2
12116,53.394680,-2.637938,WA5 3TW,Connector 2,2
12117,53.394684,-2.638177,WA5 3TW,Connector 1,1
12117,53.394684,-2.638177,WA5 3TW,Connector 2,0
12118,53.394680,-2.637949,WA5 3TW,Connector 1,1
12119,53.394653,-2.637881,WA5 3TW,Connector 1,0
T175_IT1_2319_024,51.588097,-0.563349,SL9 7RD,Connector 1,0
T175_IT1_2319_024,51.588097,-0.563349,SL9 7RD,Connector 2,0
13063,54.321327,-2.941242,LA23 3LR,Socket 1,0
13063,54.321327,-2.941242,LA23 3LR,Socket 2,0
T175_IT1_1319_007,50.852470,-0.945553,PO10 7BW,Connector 1,0
T175_IT1_1319_007,50.852470,-0.945553,PO10 7BW,Connector 2,0
12993,54.961300,-1.588600,NE8 3RQ,Socket 1,1
12993,54.961300,-1.588600,NE8 3RQ,Socket 2,1
12994,54.961300,-1.588600,NE8 3RQ,Socket 1,0
12994,54.961300,-1.588600,NE8 3RQ,Socket 2,1
13002,52.966244,-1.110972,NG4 1JL,Socket 1,1
13002,52.966244,-1.110972,NG4 1JL,Socket 2,1
T175_IT1_3019_031,51.588154,-0.563292,SL9 7RD,Connector 1,0
T175_IT1_3019_031,51.588154,-0.563292,SL9 7RD,Connector 2,1
13031,53.223167,-0.542745,LN5 7RU,Socket 1,0
13031,53.223167,-0.542745,LN5 7RU,Socket 2,0
13030,52.084980,0.434934,CB9 9LB,Socket 1,0
13030,52.084980,0.434934,CB9 9LB,Socket 2,0
13083,53.057083,-2.190857,ST6 7AG,Socket 1,0
13083,53.057083,-2.190857,ST6 7AG,Socket 2,0
12834,50.799931,-1.103400,PO1 3GW,Connector 1,0
12834,50.799931,-1.103400,PO1 3GW,Connector 2,0
13108,51.761501,-0.565200,HP4 1HS,Socket 1,0
13108,51.761501,-0.565200,HP4 1HS,Socket 2,1
13109,51.761482,-0.565211,HP4 1HS,Socket 1,0
13109,51.761482,-0.565211,HP4 1HS,Socket 2,0
13110,51.761448,-0.565235,HP4 1HS,Socket 1,0
13110,51.761448,-0.565235,HP4 1HS,Socket 2,0
13094,52.215538,-1.727521,CV37 0RN,Socket 1,0
13094,52.215538,-1.727521,CV37 0RN,Socket 2,0
13073,51.171398,-0.165365,RH6 7AS,Socket 1,0
13073,51.171398,-0.165365,RH6 7AS,Socket 2,0
13121,52.966305,-1.110769,NG4 1JL,Socket 1,0
13121,52.966305,-1.110769,NG4 1JL,Socket 2,0
13122,52.966278,-1.110865,NG4 1JL,Socket 1,1
13122,52.966278,-1.110865,NG4 1JL,Socket 2,1
T175_IT1_3019_043,52.588947,-0.284964,PE3 8DE,Connector 1,1
T175_IT1_3019_043,52.588947,-0.284964,PE3 8DE,Connector 2,0
T175_IT1_3019_044,52.588943,-0.284883,PE3 8DE,Connector 1,0
T175_IT1_3019_044,52.588943,-0.284883,PE3 8DE,Connector 2,0
1851,51.803699,-0.204471,AL8 6AB,Socket 1,2
1851,51.803699,-0.204471,AL8 6AB,Socket 2,2
1854,51.803600,-0.204371,AL8 6AB,Socket 1,2
1854,51.803600,-0.204371,AL8 6AB,Socket 2,2
13197,50.708961,-3.463695,EX2 7JL,Socket 1,0
13197,50.708961,-3.463695,EX2 7JL,Socket 2,0
12835,50.799988,-1.103566,PO1 3GW,Connector 1,0
12835,50.799988,-1.103566,PO1 3GW,Connector 2,0
13168,53.214615,-1.674417,DE45 1DW,Socket 1,0
13168,53.214615,-1.674417,DE45 1DW,Socket 2,0
13169,53.214626,-1.674328,DE45 1DW,Socket 1,0
13169,53.214626,-1.674328,DE45 1DW,Socket 2,0
13170,53.214661,-1.674460,DE45 1DW,Socket 1,0
13170,53.214661,-1.674460,DE45 1DW,Socket 2,0
13171,53.214630,-1.674430,DE45 1DW,Socket 1,0
13171,53.214630,-1.674430,DE45 1DW,Socket 2,0
13164,53.139999,-1.555000,DE4 3NJ,Socket 1,0
13164,53.139999,-1.555000,DE4 3NJ,Socket 2,0
13165,53.140053,-1.554668,DE4 3NJ,Socket 1,0
13165,53.140053,-1.554668,DE4 3NJ,Socket 2,NA
13166,53.140064,-1.554668,DE4 3NJ,Socket 1,0
13166,53.140064,-1.554668,DE4 3NJ,Socket 2,0
13167,53.140083,-1.554642,DE4 3NJ,Socket 1,0
13167,53.140083,-1.554642,DE4 3NJ,Socket 2,0
13183,53.016876,-1.730464,DE6 1RT,Socket 1,0
13183,53.016876,-1.730464,DE6 1RT,Socket 2,0
13209,53.478695,-2.233231,M1 3DG,Socket 1,0
13209,53.478695,-2.233231,M1 3DG,Socket 2,0
13194,53.093624,-2.413130,CW1 5NP,Socket 1,0
13194,53.093624,-2.413130,CW1 5NP,Socket 2,0
13198,50.893913,-2.949871,TA20 3AQ,Socket 1,0
13198,50.893913,-2.949871,TA20 3AQ,Socket 2,0
13193,51.353500,-0.470585,KT13 0SL,Socket 1,0
13193,51.353500,-0.470585,KT13 0SL,Socket 2,0
13255,53.194275,-2.913102,CH1 4NT,Socket 1,0
13255,53.194275,-2.913102,CH1 4NT,Socket 2,0
13184,53.016945,-1.730316,DE6 1RT,Socket 1,0
13184,53.016945,-1.730316,DE6 1RT,Socket 2,0
T175_IT1_3919_047,51.749660,0.135053,CM17 9AG,Connector 1,2
T175_IT1_3919_047,51.749660,0.135053,CM17 9AG,Connector 2,2
T175_IT1_3919_048,51.750042,0.134796,CM17 9AG,Connector 1,2
T175_IT1_3919_048,51.750042,0.134796,CM17 9AG,Connector 2,2
T175_IT1_4019_063,50.937759,-0.386487,RH20 3AT,Connector 1,0
T175_IT1_4019_063,50.937759,-0.386487,RH20 3AT,Connector 2,0
T175_IT1_4019_060,50.937790,-0.386579,RH20 3AT,Connector 1,0
T175_IT1_4019_060,50.937790,-0.386579,RH20 3AT,Connector 2,0
T175_IT1_3919_044,52.493748,-0.729849,NN18 0TW,Connector 1,0
T175_IT1_3919_044,52.493748,-0.729849,NN18 0TW,Connector 2,0
T175_IT1_4219_007,52.493725,-0.729755,NN18 0TW,Connector 1,0
T175_IT1_4219_007,52.493725,-0.729755,NN18 0TW,Connector 2,0
T175_IT1_3619_027,51.363430,-0.691598,GU19 5HL,Connector 1,2
T175_IT1_3619_027,51.363430,-0.691598,GU19 5HL,Connector 2,2
13207,51.507568,-2.625758,BS10 7EN,Socket 1,0
13207,51.507568,-2.625758,BS10 7EN,Socket 2,0
T175_IT1_3619_006,51.363483,-0.691505,GU19 5HL,Connector 1,2
T175_IT1_3619_006,51.363483,-0.691505,GU19 5HL,Connector 2,2
13186,51.752110,-1.213497,OX3 7DQ,Socket 1,0
13186,51.752110,-1.213497,OX3 7DQ,Socket 2,0
13187,51.752144,-1.213420,OX3 7DQ,Socket 1,0
13187,51.752144,-1.213420,OX3 7DQ,Socket 2,0
13188,51.752163,-1.213350,OX3 7DQ,Socket 1,0
13188,51.752163,-1.213350,OX3 7DQ,Socket 2,0
13189,51.752148,-1.213282,OX3 7DQ,Socket 1,0
13189,51.752148,-1.213282,OX3 7DQ,Socket 2,0
13190,51.752178,-1.213188,OX3 7DQ,Socket 1,0
13190,51.752178,-1.213188,OX3 7DQ,Socket 2,0
13284,54.172241,-0.978871,YO62 4JY,Socket 1,0
13284,54.172241,-0.978871,YO62 4JY,Socket 2,0
13133,51.431286,-2.187044,SN13 9BL,Socket 1,0
13133,51.431286,-2.187044,SN13 9BL,Socket 2,0
10718,51.617733,-0.017504,E4 8DD,Socket 1,0
10718,51.617733,-0.017504,E4 8DD,Socket 2,0
13297,51.045521,-1.789591,SP2 8BJ,Socket 1,0
13297,51.045521,-1.789591,SP2 8BJ,Socket 2,0
13298,51.045540,-1.789250,SP2 8BJ,Socket 1,1
13298,51.045540,-1.789250,SP2 8BJ,Socket 2,1
13299,51.045547,-1.789086,SP2 8BJ,Socket 1,1
13299,51.045547,-1.789086,SP2 8BJ,Socket 2,1
13300,51.045544,-1.788933,SP2 8BJ,Socket 1,2
13300,51.045544,-1.788933,SP2 8BJ,Socket 2,0
13301,51.045540,-1.788740,SP2 8BJ,Socket 1,0
13301,51.045540,-1.788740,SP2 8BJ,Socket 2,0
13302,51.045528,-1.788474,SP2 8BJ,Socket 1,1
13302,51.045528,-1.788474,SP2 8BJ,Socket 2,1
T175_IT1_3019_066,51.618908,-1.299507,OX14 4TX,Connector 1,0
T175_IT1_3019_066,51.618908,-1.299507,OX14 4TX,Connector 2,0
T175_IT1_3119_010,51.618870,-1.299514,OX14 4TX,Connector 1,0
T175_IT1_3119_010,51.618870,-1.299514,OX14 4TX,Connector 2,0
13332,51.916698,-0.661678,LU7 1DD,Socket 1,0
13332,51.916698,-0.661678,LU7 1DD,Socket 2,1
13316,50.811398,-0.802618,PO20 7EH,Socket 1,0
13316,50.811398,-0.802618,PO20 7EH,Socket 2,0
13317,51.678940,-0.607234,HP6 5EQ,Socket 1,0
13317,51.678940,-0.607234,HP6 5EQ,Socket 2,0
13319,52.000824,-0.991683,MK18 1HP,Socket 1,0
13319,52.000824,-0.991683,MK18 1HP,Socket 2,0
13318,52.000824,-0.991683,MK18 1HP,Socket 1,0
13318,52.000824,-0.991683,MK18 1HP,Socket 2,0
13315,56.393063,-4.119212,PH6 2NF,Socket 1,0
13315,56.393063,-4.119212,PH6 2NF,Socket 2,0
13419,56.047997,-3.424161,KY11 8GH,Socket 1,0
13419,56.047997,-3.424161,KY11 8GH,Socket 2,0
2890,51.489838,0.027500,SE7 7SA,Connector 1,0
2890,51.489838,0.027500,SE7 7SA,Connector 2,0
2891,51.489838,0.027053,SE7 7SA,Connector 1,0
2891,51.489838,0.027053,SE7 7SA,Connector 2,0
2892,51.489292,0.027145,SE7 7SA,Connector 1,1
2892,51.489292,0.027145,SE7 7SA,Connector 2,1
2893,51.487690,0.028150,SE7 7SA,Connector 1,1
2893,51.487690,0.028150,SE7 7SA,Connector 2,1
2894,51.488743,0.027367,SE7 7SA,Connector 1,0
2894,51.488743,0.027367,SE7 7SA,Connector 2,0
2895,51.489773,0.026649,SE7 7SA,Connector 1,0
2895,51.489773,0.026649,SE7 7SA,Connector 2,0
2896,51.489880,0.027583,SE7 7SA,Connector 1,0
2896,51.489880,0.027583,SE7 7SA,Connector 2,0
2897,51.488121,0.027608,SE7 7SA,Connector 1,1
2897,51.488121,0.027608,SE7 7SA,Connector 2,1
2898,51.487659,0.027925,SE7 7SA,Connector 1,1
2898,51.487659,0.027925,SE7 7SA,Connector 2,1
2899,51.489616,0.026792,SE7 7SA,Connector 1,0
2899,51.489616,0.026792,SE7 7SA,Connector 2,0
2900,51.489792,0.027010,SE7 7SA,Connector 1,0
2900,51.489792,0.027010,SE7 7SA,Connector 2,0
2901,51.487640,0.028167,SE7 7SA,Connector 1,0
2901,51.487640,0.028167,SE7 7SA,Connector 2,0
2902,51.487576,0.027766,SE7 7SA,Connector 1,0
2902,51.487576,0.027766,SE7 7SA,Connector 2,0
2903,51.489803,0.027496,SE7 7SA,Connector 1,0
2903,51.489803,0.027496,SE7 7SA,Connector 2,0
2904,51.489208,0.027191,SE7 7SA,Connector 1,1
2904,51.489208,0.027191,SE7 7SA,Connector 2,1
2905,51.489880,0.027693,SE7 7SA,Connector 1,1
2905,51.489880,0.027693,SE7 7SA,Connector 2,1
2906,51.487656,0.028232,SE7 7SA,Connector 1,0
2906,51.487656,0.028232,SE7 7SA,Connector 2,0
2907,51.489193,0.027100,SE7 7SA,Connector 1,1
2907,51.489193,0.027100,SE7 7SA,Connector 2,1
2908,51.487938,0.027620,SE7 7SA,Connector 1,1
2908,51.487938,0.027620,SE7 7SA,Connector 2,1
2909,51.489799,0.026753,SE7 7SA,Connector 1,1
2909,51.489799,0.026753,SE7 7SA,Connector 2,1
2910,51.488022,0.027622,SE7 7SA,Connector 1,0
2910,51.488022,0.027622,SE7 7SA,Connector 2,0
2911,51.488758,0.027367,SE7 7SA,Connector 1,0
2911,51.488758,0.027367,SE7 7SA,Connector 2,0
2912,51.487576,0.027584,SE7 7SA,Connector 1,0
2912,51.487576,0.027584,SE7 7SA,Connector 2,0
2913,51.489845,0.027260,SE7 7SA,Connector 1,1
2913,51.489845,0.027260,SE7 7SA,Connector 2,0
2914,51.487743,0.027907,SE7 7SA,Connector 1,0
2914,51.487743,0.027907,SE7 7SA,Connector 2,0
2915,51.489597,0.026640,SE7 7SA,Connector 1,0
2915,51.489597,0.026640,SE7 7SA,Connector 2,0
2916,51.487881,0.027632,SE7 7SA,Connector 1,0
2916,51.487881,0.027632,SE7 7SA,Connector 2,0
2917,51.487732,0.027913,SE7 7SA,Connector 1,0
2917,51.487732,0.027913,SE7 7SA,Connector 2,0
2918,51.487583,0.027303,SE7 7SA,Connector 1,1
2918,51.487583,0.027303,SE7 7SA,Connector 2,1
2919,51.488758,0.027367,SE7 7SA,Connector 1,0
2919,51.488758,0.027367,SE7 7SA,Connector 2,0
2920,51.489777,0.026611,SE7 7SA,Connector 1,0
2920,51.489777,0.026611,SE7 7SA,Connector 2,0
2921,51.488758,0.027245,SE7 7SA,Connector 1,0
2921,51.488758,0.027245,SE7 7SA,Connector 2,0
2922,51.487701,0.027931,SE7 7SA,Connector 1,0
2922,51.487701,0.027931,SE7 7SA,Connector 2,0
2923,51.487705,0.027947,SE7 7SA,Connector 1,0
2923,51.487705,0.027947,SE7 7SA,Connector 2,0
2925,51.489826,0.026850,SE7 7SA,Connector 1,0
2925,51.489826,0.026850,SE7 7SA,Connector 2,1
2926,51.487637,0.027956,SE7 7SA,Connector 1,0
2926,51.487637,0.027956,SE7 7SA,Connector 2,0
13435,52.001930,-0.780138,MK4 2DN,Socket 1,0
13435,52.001930,-0.780138,MK4 2DN,Socket 2,0
13438,52.001900,-0.780180,MK4 2DN,Socket 1,2
13438,52.001900,-0.780180,MK4 2DN,Socket 2,2
13437,52.021877,-0.691675,MK7 7PB,Socket 1,0
13437,52.021877,-0.691675,MK7 7PB,Socket 2,0
13439,51.289791,0.193581,TN14 5DN,Socket 1,0
13439,51.289791,0.193581,TN14 5DN,Socket 2,0
T175_IT1_3019_060,51.213902,0.312126,TN11 0AB,Connector 1,2
T175_IT1_3019_060,51.213902,0.312126,TN11 0AB,Connector 2,2
T175_IT1_3019_063,51.213902,0.312316,TN11 0AB,Connector 1,0
T175_IT1_3019_063,51.213902,0.312316,TN11 0AB,Connector 2,0
13199,51.489788,0.027463,SE7 7SA,Connector 1,0
13199,51.489788,0.027463,SE7 7SA,Connector 2,0
13511,51.599880,-0.110790,N22 5NL,Socket 1,0
13511,51.599880,-0.110790,N22 5NL,Socket 2,1
13512,51.601410,-0.083830,N17 7AR,Socket 1,1
13512,51.601410,-0.083830,N17 7AR,Socket 2,2
13513,51.590790,-0.091580,N17 6BP,Socket 1,2
13513,51.590790,-0.091580,N17 6BP,Socket 2,2
13514,51.590790,-0.091488,N17 6BP,Socket 1,1
13514,51.590790,-0.091488,N17 6BP,Socket 2,0
13515,51.578880,-0.116930,N8 9HP,Socket 1,0
13515,51.578880,-0.116930,N8 9HP,Socket 2,1
T175_IT1_3619_024,50.637672,-2.469565,DT3 5AS,Connector 1,0
T175_IT1_3619_024,50.637672,-2.469565,DT3 5AS,Connector 2,0
T175_IT1_3019_033,50.637661,-2.469708,DT3 5AS,Connector 1,0
T175_IT1_3019_033,50.637661,-2.469708,DT3 5AS,Connector 2,0
T175_IT1_3019_045,51.338573,-0.319077,KT9 2NH,Connector 1,0
T175_IT1_3019_045,51.338573,-0.319077,KT9 2NH,Connector 2,0
T175_IT1_3119_016,51.338577,-0.319142,KT9 2NH,Connector 1,1
T175_IT1_3119_016,51.338577,-0.319142,KT9 2NH,Connector 2,0
BPTESTABB01,51.867199,-0.404524,Test,Connector 1,0
BPTESTABB01,51.867199,-0.404524,Test,Connector 2,0
13554,53.223160,-0.542689,LN5 7RU,Socket 1,0
13554,53.223160,-0.542689,LN5 7RU,Socket 2,0
13555,52.015400,-0.722400,MK6 4AN,Socket 1,0
13555,52.015400,-0.722400,MK6 4AN,Socket 2,0
13556,52.028690,-0.749019,MK6 5EJ,Socket 1,0
13556,52.028690,-0.749019,MK6 5EJ,Socket 2,0
13557,52.022942,-0.745423,MK6 5EG,Socket 1,0
13557,52.022942,-0.745423,MK6 5EG,Socket 2,0
13571,52.028675,-0.749058,MK6 5EJ,Socket 1,0
13571,52.028675,-0.749058,MK6 5EJ,Socket 2,0
13572,52.001865,-0.780228,MK4 2DN,Socket 1,1
13572,52.001865,-0.780228,MK4 2DN,Socket 2,0
13573,52.028728,-0.748936,MK6 5EJ,Socket 1,0
13573,52.028728,-0.748936,MK6 5EJ,Socket 2,0
13575,52.015446,-0.722251,MK6 4AN,Socket 1,0
13575,52.015446,-0.722251,MK6 4AN,Socket 2,0
13576,52.021820,-0.691635,MK7 7PB,Socket 1,0
13576,52.021820,-0.691635,MK7 7PB,Socket 2,0
13591,50.995014,0.077001,TN22 2HN,Socket 1,0
13591,50.995014,0.077001,TN22 2HN,Socket 2,2
13632,52.966274,-1.110899,NG4 1JL,Socket 1,0
13632,52.966274,-1.110899,NG4 1JL,Socket 2,1
13655,51.492336,-3.723201,CF36 3UP,Socket 1,2
13655,51.492336,-3.723201,CF36 3UP,Socket 2,2
T175_IT1_3019_067,51.600838,-0.175386,N12 0AP,Connector 1,0
T175_IT1_3019_067,51.600838,-0.175386,N12 0AP,Connector 2,0
T175_IT1_3119_011,51.600910,-0.175427,N12 0AP,Connector 1,1
T175_IT1_3119_011,51.600910,-0.175427,N12 0AP,Connector 2,0
T175_IT1_3119_014,51.600864,-0.175404,N12 0AP,Connector 1,0
T175_IT1_3119_014,51.600864,-0.175404,N12 0AP,Connector 2,0
T175_IT1_3019_061,52.676243,0.945158,NR19 1AS,Connector 1,0
T175_IT1_3019_061,52.676243,0.945158,NR19 1AS,Connector 2,0
T175_IT1_3119_009,52.676216,0.945118,NR19 1AS,Connector 1,0
T175_IT1_3119_009,52.676216,0.945118,NR19 1AS,Connector 2,0
T175_IT1_3619_025,51.313667,-0.081663,CR3 0EG,Connector 1,0
T175_IT1_3619_025,51.313667,-0.081663,CR3 0EG,Connector 2,0
T175_IT1_3019_059,51.313698,-0.081536,CR3 0EG,Connector 1,0
T175_IT1_3019_059,51.313698,-0.081536,CR3 0EG,Connector 2,0
T175_IT1_0920_050,51.242893,0.700377,ME17 2DB,Connector 1,0
T175_IT1_0920_050,51.242893,0.700377,ME17 2DB,Connector 2,0
T175_IT1_0920_055,51.242886,0.700473,ME17 2DB,Connector 1,0
T175_IT1_0920_055,51.242886,0.700473,ME17 2DB,Connector 2,1
T175_IT1_1020_015,51.568829,0.452660,SS16 5NN,Connector 1,0
T175_IT1_1020_015,51.568829,0.452660,SS16 5NN,Connector 2,0
T175_IT1_1020_018,51.568718,0.452588,SS16 5NN,Connector 1,1
T175_IT1_1020_018,51.568718,0.452588,SS16 5NN,Connector 2,0
T175_IT1_1020_023,51.568844,0.452434,SS16 5NN,Connector 1,1
T175_IT1_1020_023,51.568844,0.452434,SS16 5NN,Connector 2,0
13674,52.396095,-0.725472,NN15 7QA,Socket 1,0
13674,52.396095,-0.725472,NN15 7QA,Socket 2,0
13676,52.396088,-0.725465,NN15 7QA,Socket 1,0
13676,52.396088,-0.725465,NN15 7QA,Socket 2,1
13677,52.398800,-0.729884,NN16 8DQ,Socket 1,0
13677,52.398800,-0.729884,NN16 8DQ,Socket 2,0
13680,52.398785,-0.729858,NN16 8DQ,Socket 1,0
13680,52.398785,-0.729858,NN16 8DQ,Socket 2,1
13747,51.451591,-2.584905,BS1 6BF,Socket 1,0
13747,51.451591,-2.584905,BS1 6BF,Socket 2,0
13748,52.014271,-0.683792,MK7 8DX,Socket 1,0
13748,52.014271,-0.683792,MK7 8DX,Socket 2,0
13749,52.014320,-0.683824,MK7 8DX,Socket 1,0
13749,52.014320,-0.683824,MK7 8DX,Socket 2,0
T175_IT1_1220_036,51.610378,-0.136391,N11 2UU,Connector 1,1
T175_IT1_1220_036,51.610378,-0.136391,N11 2UU,Connector 2,0
T175_IT1_1220_039,51.610401,-0.136277,N11 2UU,Connector 1,1
T175_IT1_1220_039,51.610401,-0.136277,N11 2UU,Connector 2,0
T175_IT1_1220_040,51.610420,-0.136218,N11 2UU,Connector 1,0
T175_IT1_1220_040,51.610420,-0.136218,N11 2UU,Connector 2,0
13750,52.012360,-0.646418,MK17 8FA,Socket 1,0
13750,52.012360,-0.646418,MK17 8FA,Socket 2,0
13751,52.012375,-0.646379,MK17 8FA,Socket 1,0
13751,52.012375,-0.646379,MK17 8FA,Socket 2,1
13752,52.012417,-0.646253,MK17 8FA,Socket 1,0
13752,52.012417,-0.646253,MK17 8FA,Socket 2,0
13607,51.376671,-0.525386,KT16 0PZ,Connector 1,1
13607,51.376671,-0.525386,KT16 0PZ,Connector 2,0
13606,51.376781,-0.525027,KT16 0PZ,Connector 1,0
13606,51.376781,-0.525027,KT16 0PZ,Connector 2,0
13608,51.376518,-0.525739,KT16 0PZ,Connector 1,1
13758,51.563473,-0.884818,RG9 3AU,Socket 1,0
13758,51.563473,-0.884818,RG9 3AU,Socket 2,0
13609,51.376488,-0.526103,KT16 0PZ,Connector 1,0
13605,51.376904,-0.524625,KT16 0PZ,Connector 1,0
13605,51.376904,-0.524625,KT16 0PZ,Connector 2,0
T175_IT1_4019_059,51.459103,-0.921664,RG6 1BG,Connector 1,0
T175_IT1_4019_059,51.459103,-0.921664,RG6 1BG,Connector 2,0
T175_IT1_4019_061,51.459145,-0.921597,RG6 1BG,Connector 1,0
T175_IT1_4019_061,51.459145,-0.921597,RG6 1BG,Connector 2,0
13798,53.190361,-2.895073,CH1 2BD,Socket 1,0
13798,53.190361,-2.895073,CH1 2BD,Socket 2,0
13821,53.223160,-0.542632,LN5 7RU,Socket 1,0
13821,53.223160,-0.542632,LN5 7RU,Socket 2,2
13822,52.405975,-0.747357,NN16 8XE,Socket 1,0
13822,52.405975,-0.747357,NN16 8XE,Socket 2,0
13823,52.405960,-0.747453,NN16 8XE,Socket 1,0
13823,52.405960,-0.747453,NN16 8XE,Socket 2,0
13829,52.015823,-0.769156,MK4 1GA,Socket 1,0
13829,52.015823,-0.769156,MK4 1GA,Socket 2,0
13830,52.015842,-0.769156,MK4 1GA,Socket 1,2
13830,52.015842,-0.769156,MK4 1GA,Socket 2,1
13835,52.041103,-0.729463,MK15 0BJ,Socket 1,2
13835,52.041103,-0.729463,MK15 0BJ,Socket 2,0
13836,52.041122,-0.729690,MK15 0BJ,Socket 1,0
13836,52.041122,-0.729690,MK15 0BJ,Socket 2,0
13837,52.086937,-0.725659,MK16 8QT,Socket 1,0
13837,52.086937,-0.725659,MK16 8QT,Socket 2,1
13838,52.086918,-0.725716,MK16 8QT,Socket 1,0
13838,52.086918,-0.725716,MK16 8QT,Socket 2,0
13840,53.205048,-2.854449,CH2 3PD,Socket 1,1
13840,53.205048,-2.854449,CH2 3PD,Socket 2,0
13841,52.587948,-2.129360,WV1 1LY,Socket 1,0
13841,52.587948,-2.129360,WV1 1LY,Socket 2,0
13844,52.588036,-2.129130,WV1 1LY,Socket 1,0
13844,52.588036,-2.129130,WV1 1LY,Socket 2,0
13845,52.007790,-0.693951,MK7 8BJ,Socket 1,0
13845,52.007790,-0.693951,MK7 8BJ,Socket 2,0
13862,51.448254,-2.496001,BS30 7DY,Socket 1,0
13862,51.448254,-2.496001,BS30 7DY,Socket 2,0
13863,53.001930,-1.131006,NG5 6JA,Socket 1,0
13863,53.001930,-1.131006,NG5 6JA,Socket 2,0
13866,51.994667,-0.739352,MK3 6DR,Socket 1,0
13866,51.994667,-0.739352,MK3 6DR,Socket 2,0
13867,51.528076,-0.173128,NW8 8QN,Socket 1,0
13867,51.528076,-0.173128,NW8 8QN,Socket 2,0
UC25001,52.042053,-0.761846,MK9 3HQ,Connector 1,1
UC25001,52.042053,-0.761846,MK9 3HQ,Connector 2,2
UC25001,52.042053,-0.761846,MK9 3HQ,Connector 3,2
UC25017,52.028709,-0.748971,MK6 5EJ,Connector 1,0
UC25017,52.028709,-0.748971,MK6 5EJ,Connector 2,0
UC25017,52.028709,-0.748971,MK6 5EJ,Connector 3,0
UC25031,51.598755,-0.225395,NW4 1JA,Connector 1,2
UC25031,51.598755,-0.225395,NW4 1JA,Connector 2,1
UC25031,51.598755,-0.225395,NW4 1JA,Connector 3,2
UC25032,52.042080,-0.761779,MK9 3HQ,Connector 1,0
UC25032,52.042080,-0.761779,MK9 3HQ,Connector 2,0
UC25032,52.042080,-0.761779,MK9 3HQ,Connector 3,0
UC25045,55.006237,-3.063085,DG16 5EA,Connector 1,0
UC25045,55.006237,-3.063085,DG16 5EA,Connector 2,0
UC25045,55.006237,-3.063085,DG16 5EA,Connector 3,0
UC25046,52.061024,-0.747701,MK14 6JY,Connector 1,0
UC25046,52.061024,-0.747701,MK14 6JY,Connector 2,0
UC25046,52.061024,-0.747701,MK14 6JY,Connector 3,0
UC25067,52.134342,-0.470604,MK40 1AS,Connector 1,2
UC25067,52.134342,-0.470604,MK40 1AS,Connector 2,2
UC25067,52.134342,-0.470604,MK40 1AS,Connector 3,2
UC25070,52.134403,-0.470642,MK40 1AS,Connector 1,0
UC25070,52.134403,-0.470642,MK40 1AS,Connector 2,0
UC25070,52.134403,-0.470642,MK40 1AS,Connector 3,0
UC25075,52.134235,-0.470541,MK40 1AS,Connector 1,0
UC25075,52.134235,-0.470541,MK40 1AS,Connector 2,0
UC25075,52.134235,-0.470541,MK40 1AS,Connector 3,0
UC25076,52.134285,-0.470563,MK40 1AS,Connector 1,0
UC25076,52.134285,-0.470563,MK40 1AS,Connector 2,0
UC25076,52.134285,-0.470563,MK40 1AS,Connector 3,0
UC25078,52.042095,-0.761736,MK9 3HQ,Connector 1,1
UC25078,52.042095,-0.761736,MK9 3HQ,Connector 2,2
UC25078,52.042095,-0.761736,MK9 3HQ,Connector 3,2
UC25079,54.476749,-1.546780,DL2 2DU,Connector 1,1
UC25079,54.476749,-1.546780,DL2 2DU,Connector 2,2
UC25079,54.476749,-1.546780,DL2 2DU,Connector 3,2
UC25093,52.002636,-0.792194,MK4 3GG,Connector 1,0
UC25093,52.002636,-0.792194,MK4 3GG,Connector 2,0
UC25093,52.002636,-0.792194,MK4 3GG,Connector 3,0
UC25123,50.867199,-0.733347,PO18 0QB,Connector 1,1
UC25123,50.867199,-0.733347,PO18 0QB,Connector 2,2
UC25123,50.867199,-0.733347,PO18 0QB,Connector 3,2
UC25125,50.858337,-0.754368,PO18 0PH,Connector 1,0
UC25125,50.858337,-0.754368,PO18 0PH,Connector 2,0
UC25125,50.858337,-0.754368,PO18 0PH,Connector 3,0
UC25126,50.858337,-0.754368,PO18 0PH,Connector 1,0
UC25126,50.858337,-0.754368,PO18 0PH,Connector 2,0
UC25126,50.858337,-0.754368,PO18 0PH,Connector 3,0
13921,52.771099,-1.291310,LE12 9QE,Socket 1,0
13921,52.771099,-1.291310,LE12 9QE,Socket 2,0
13968,51.484100,-0.070130,SE1 5AG,Socket 1,0
13968,51.484100,-0.070130,SE1 5AG,Socket 2,0
13960,51.461761,-2.113596,SN15 3QP,Socket 1,0
13960,51.461761,-2.113596,SN15 3QP,Socket 2,0
13997,51.650627,-0.080027,EN1 2AF,Socket 1,0
13997,51.650627,-0.080027,EN1 2AF,Socket 2,0
13996,51.650627,-0.080027,EN1 2AF,Socket 1,0
13996,51.650627,-0.080027,EN1 2AF,Socket 2,0
13995,51.650627,-0.080027,EN1 2AF,Socket 1,0
13995,51.650627,-0.080027,EN1 2AF,Socket 2,0
13994,51.650627,-0.080027,EN1 2AF,Socket 1,1
13994,51.650627,-0.080027,EN1 2AF,Socket 2,0
13993,51.650627,-0.080027,EN1 2AF,Socket 1,0
13993,51.650627,-0.080027,EN1 2AF,Socket 2,0
13992,51.650627,-0.080027,EN1 2AF,Socket 1,0
13992,51.650627,-0.080027,EN1 2AF,Socket 2,0
13991,51.650627,-0.080027,EN1 2AF,Socket 1,0
13991,51.650627,-0.080027,EN1 2AF,Socket 2,0
13990,51.650627,-0.080027,EN1 2AF,Socket 1,0
13990,51.650627,-0.080027,EN1 2AF,Socket 2,0
13989,51.650627,-0.080027,EN1 2AF,Socket 1,0
13989,51.650627,-0.080027,EN1 2AF,Socket 2,0
13988,51.650627,-0.080027,EN1 2AF,Socket 1,1
13988,51.650627,-0.080027,EN1 2AF,Socket 2,0
T175_IT1_3119_013,52.361614,1.147241,IP21 4AJ,Connector 1,0
T175_IT1_3119_013,52.361614,1.147241,IP21 4AJ,Connector 2,0
T175_IT1_4019_065,52.361618,1.147343,IP21 4AJ,Connector 1,0
T175_IT1_4019_065,52.361618,1.147343,IP21 4AJ,Connector 2,0
T175_IT1_4219_005,52.361599,1.147463,IP21 4AJ,Connector 1,0
T175_IT1_4219_005,52.361599,1.147463,IP21 4AJ,Connector 2,0
T175_IT1_1420_074,51.580132,0.239789,RM11 3UJ,Connector 1,0
T175_IT1_1420_074,51.580132,0.239789,RM11 3UJ,Connector 2,0
T175_IT1_1420_081,51.580154,0.239829,RM11 3UJ,Connector 1,0
T175_IT1_1420_081,51.580154,0.239829,RM11 3UJ,Connector 2,0
T175_IT1_1420_086,51.580162,0.239862,RM11 3UJ,Connector 1,0
T175_IT1_1420_086,51.580162,0.239862,RM11 3UJ,Connector 2,0
T175_IT1_1220_026,52.449642,-0.825422,NN14 2WB,Connector 1,0
T175_IT1_1220_026,52.449642,-0.825422,NN14 2WB,Connector 2,0
T175_IT1_1220_031,52.449657,-0.825277,NN14 2WB,Connector 1,0
T175_IT1_1220_031,52.449657,-0.825277,NN14 2WB,Connector 2,0
14078,52.000824,-0.991683,MK18 1HP,Socket 1,1
14078,52.000824,-0.991683,MK18 1HP,Socket 2,0
14076,52.000824,-0.991683,MK18 1HP,Socket 1,0
14076,52.000824,-0.991683,MK18 1HP,Socket 2,0
14065,52.034260,-0.770304,MK9 1BE,Socket 1,0
14065,52.034260,-0.770304,MK9 1BE,Socket 2,0
14066,52.034367,-0.770564,MK9 1BE,Socket 1,0
14066,52.034367,-0.770564,MK9 1BE,Socket 2,0
14067,52.034237,-0.770092,MK9 1BE,Socket 1,0
14067,52.034237,-0.770092,MK9 1BE,Socket 2,0
14068,52.034821,-0.771184,MK9 1BE,Socket 1,0
14068,52.034821,-0.771184,MK9 1BE,Socket 2,0
14069,52.034702,-0.770975,MK9 1BE,Socket 1,0
14069,52.034702,-0.770975,MK9 1BE,Socket 2,0
14070,52.034889,-0.771382,MK9 1BE,Socket 1,0
14070,52.034889,-0.771382,MK9 1BE,Socket 2,0
14072,52.034550,-0.770792,MK9 1BE,Socket 1,0
14072,52.034550,-0.770792,MK9 1BE,Socket 2,0
14089,52.300308,-0.690822,NN8 1ET,Connector 1,0
14089,52.300308,-0.690822,NN8 1ET,Connector 2,0
14090,52.300369,-0.690664,NN8 1ET,Connector 1,0
14090,52.300369,-0.690664,NN8 1ET,Connector 2,0
14091,52.300472,-0.690452,NN8 1ET,Connector 1,0
14091,52.300472,-0.690452,NN8 1ET,Connector 2,0
14092,52.300587,-0.690084,NN8 1ET,Connector 1,0
14092,52.300587,-0.690084,NN8 1ET,Connector 2,0
14149,52.260601,-1.159040,NN14 4FP,Socket 1,0
14149,52.260601,-1.159040,NN14 4FP,Socket 2,0
14158,53.427162,-1.486298,S5 8NH,Socket 1,0
14158,53.427162,-1.486298,S5 8NH,Socket 2,0
14159,53.427155,-1.486282,S5 8NH,Socket 1,0
14159,53.427155,-1.486282,S5 8NH,Socket 2,1
14181,51.492092,-3.552130,CF31 3BF,Socket 1,0
14181,51.492092,-3.552130,CF31 3BF,Socket 2,0
14115,51.875610,0.554947,CM7 3QL,Socket 1,0
14115,51.875610,0.554947,CM7 3QL,Socket 2,0
14116,51.875572,0.554959,CM7 3QL,Socket 1,0
14116,51.875572,0.554959,CM7 3QL,Socket 2,0
14117,51.875492,0.555017,CM7 3QL,Socket 1,0
14117,51.875492,0.555017,CM7 3QL,Socket 2,0
14118,51.875462,0.555045,CM7 3QL,Socket 1,0
14118,51.875462,0.555045,CM7 3QL,Socket 2,0
14119,51.797310,0.636102,CM8 1BW,Socket 1,0
14119,51.797310,0.636102,CM8 1BW,Socket 2,0
14120,51.797298,0.636082,CM8 1BW,Socket 1,0
14120,51.797298,0.636082,CM8 1BW,Socket 2,0
14121,51.797283,0.636057,CM8 1BW,Socket 1,0
14121,51.797283,0.636057,CM8 1BW,Socket 2,0
14122,51.797268,0.636030,CM8 1BW,Socket 1,0
14122,51.797268,0.636030,CM8 1BW,Socket 2,0
14220,52.873962,-1.083959,NG12 5FF,Socket 1,0
14220,52.873962,-1.083959,NG12 5FF,Socket 2,0
14222,52.873978,-1.083888,NG12 5FF,Socket 1,0
14222,52.873978,-1.083888,NG12 5FF,Socket 2,1
14223,52.873989,-1.083827,NG12 5FF,Socket 1,0
14223,52.873989,-1.083827,NG12 5FF,Socket 2,0
14277,52.042118,-0.761683,MK9 3HQ,Socket 1,1
14277,52.042118,-0.761683,MK9 3HQ,Socket 2,1
14278,52.042133,-0.761641,MK9 3HQ,Socket 1,0
14278,52.042133,-0.761641,MK9 3HQ,Socket 2,2
14279,52.042141,-0.761583,MK9 3HQ,Socket 1,1
14279,52.042141,-0.761583,MK9 3HQ,Socket 2,2
14280,51.509922,-0.142731,W1S 4BS,Socket 1,0
14280,51.509922,-0.142731,W1S 4BS,Socket 2,0
14281,51.515133,-0.132938,W1D 3BX,Socket 1,0
14281,51.515133,-0.132938,W1D 3BX,Socket 2,0
14282,51.535755,-0.161278,NW8 7LA,Socket 1,0
14282,51.535755,-0.161278,NW8 7LA,Socket 2,1
14286,51.527676,-0.182620,W9 1DF,Socket 1,0
14286,51.527676,-0.182620,W9 1DF,Socket 2,0
14288,52.874008,-1.083756,NG12 5FF,Socket 1,0
14288,52.874008,-1.083756,NG12 5FF,Socket 2,0
14289,51.815018,-0.810671,HP20 1UG,Socket 1,0
14289,51.815018,-0.810671,HP20 1UG,Socket 2,0
14260,51.814980,-0.810591,HP20 1UG,Socket 1,0
14260,51.814980,-0.810591,HP20 1UG,Socket 2,0
14261,51.807789,0.638277,CM8 2BY,Socket 1,0
14261,51.807789,0.638277,CM8 2BY,Socket 2,0
14262,51.807846,0.638269,CM8 2BY,Socket 1,0
14262,51.807846,0.638269,CM8 2BY,Socket 2,0
14263,51.807877,0.638245,CM8 2BY,Socket 1,0
14263,51.807877,0.638245,CM8 2BY,Socket 2,0
14264,50.858337,-0.754368,PO18 0PH,Socket 1,0
14264,50.858337,-0.754368,PO18 0PH,Socket 2,0
14268,51.807945,0.638194,CM8 2BY,Socket 1,0
14268,51.807945,0.638194,CM8 2BY,Socket 2,0
14269,51.814995,-0.810616,HP20 1UG,Socket 1,1
14269,51.814995,-0.810616,HP20 1UG,Socket 2,1
14270,54.657799,-1.673000,DL14 7LB,Socket 1,0
14270,54.657799,-1.673000,DL14 7LB,Socket 2,0
T175_IT1_2420_020,52.028427,-0.215215,SG5 4BL,Connector 1,1
T175_IT1_2420_020,52.028427,-0.215215,SG5 4BL,Connector 2,0
T175_IT1_2420_028,52.028465,-0.215007,SG5 4BL,Connector 1,0
T175_IT1_2420_028,52.028465,-0.215007,SG5 4BL,Connector 2,0
14298,53.964752,-1.048833,YO31 0LP,Socket 1,0
14298,53.964752,-1.048833,YO31 0LP,Socket 2,0
14319,51.491890,-3.552175,CF31 3BF,Socket 1,0
14319,51.491890,-3.552175,CF31 3BF,Socket 2,0
14323,52.343609,0.500279,IP28 7JX,Socket 1,0
14323,52.343609,0.500279,IP28 7JX,Socket 2,0
14329,52.289009,-1.537950,CV32 5EL,Socket 1,0
14329,52.289009,-1.537950,CV32 5EL,Socket 2,2
14330,52.289009,-1.537950,CV32 5EL,Socket 1,0
14330,52.289009,-1.537950,CV32 5EL,Socket 2,0
14332,52.289009,-1.537950,CV32 5EL,Socket 1,0
14332,52.289009,-1.537950,CV32 5EL,Socket 2,0
14333,52.289009,-1.537950,CV32 5EL,Socket 1,0
14333,52.289009,-1.537950,CV32 5EL,Socket 2,0
13035,52.058052,-0.766983,MK14 6GY,Connector 1,1
13035,52.058052,-0.766983,MK14 6GY,Connector 2,0
13038,52.058105,-0.766773,MK14 6GY,Connector 1,0
13038,52.058105,-0.766773,MK14 6GY,Connector 2,0
T175_IT1_3919_046,51.404095,-1.305943,RG14 2BS,Connector 1,0
T175_IT1_3919_046,51.404095,-1.305943,RG14 2BS,Connector 2,0
T175_IT1_4019_057,51.404060,-1.305826,RG14 2BS,Connector 1,0
T175_IT1_4019_057,51.404060,-1.305826,RG14 2BS,Connector 2,0
T175_IT1_3819_053,51.545185,-1.742744,SN3 6AA,Connector 1,2
T175_IT1_3819_053,51.545185,-1.742744,SN3 6AA,Connector 2,2
T175_IT1_3819_054,51.545185,-1.742555,SN3 6AA,Connector 1,1
T175_IT1_3819_054,51.545185,-1.742555,SN3 6AA,Connector 2,1
14416,53.963829,-1.085244,YO30 7BP,Socket 1,1
14416,53.963829,-1.085244,YO30 7BP,Socket 2,0
14423,52.344250,-1.579216,CV8 1QJ,Socket 1,2
14423,52.344250,-1.579216,CV8 1QJ,Socket 2,2
14424,52.344234,-1.579203,CV8 1QJ,Socket 1,0
14424,52.344234,-1.579203,CV8 1QJ,Socket 2,0
14425,52.344215,-1.579267,CV8 1QJ,Socket 1,2
14425,52.344215,-1.579267,CV8 1QJ,Socket 2,2
14426,52.344234,-1.579285,CV8 1QJ,Socket 1,2
14426,52.344234,-1.579285,CV8 1QJ,Socket 2,2
14427,52.195133,-1.711553,CV37 6NW,Socket 1,0
14427,52.195133,-1.711553,CV37 6NW,Socket 2,0
14428,52.194412,-1.712141,CV37 6NW,Socket 1,2
14428,52.194412,-1.712141,CV37 6NW,Socket 2,2
14429,52.194462,-1.712144,CV37 6NW,Socket 1,2
14429,52.194462,-1.712144,CV37 6NW,Socket 2,2
14430,52.194714,-1.711920,CV37 6NW,Socket 1,2
14430,52.194714,-1.711920,CV37 6NW,Socket 2,2
14431,52.475651,-1.473741,CV12 8NN,Socket 1,0
14431,52.475651,-1.473741,CV12 8NN,Socket 2,0
14432,52.475677,-1.473705,CV12 8NN,Socket 1,0
14432,52.475677,-1.473705,CV12 8NN,Socket 2,0
14433,52.475712,-1.473664,CV12 8NN,Socket 1,0
14433,52.475712,-1.473664,CV12 8NN,Socket 2,0
14434,52.475777,-1.473570,CV12 8NN,Socket 1,0
14434,52.475777,-1.473570,CV12 8NN,Socket 2,0
14418,53.948254,-1.120126,YO24 4QZ,Socket 1,0
14418,53.948254,-1.120126,YO24 4QZ,Socket 2,0
14419,53.963848,-1.085219,YO30 7BP,Socket 1,0
14419,53.963848,-1.085219,YO30 7BP,Socket 2,1
14422,53.963867,-1.085195,YO30 7BP,Socket 1,0
14422,53.963867,-1.085195,YO30 7BP,Socket 2,0
14491,52.215996,-1.871180,B49 5DL,Socket 1,0
14491,52.215996,-1.871180,B49 5DL,Socket 2,0
14492,52.216015,-1.871248,B49 5DL,Socket 1,1
14492,52.216015,-1.871248,B49 5DL,Socket 2,0
14493,52.216049,-1.871309,B49 5DL,Socket 1,0
14493,52.216049,-1.871309,B49 5DL,Socket 2,0
14494,52.216076,-1.871370,B49 5DL,Socket 1,0
14494,52.216076,-1.871370,B49 5DL,Socket 2,0
14495,52.293228,-1.534450,CV32 4YU,Socket 1,0
14495,52.293228,-1.534450,CV32 4YU,Socket 2,0
14496,52.293236,-1.534309,CV32 4YU,Socket 1,0
14496,52.293236,-1.534309,CV32 4YU,Socket 2,0
14497,52.293243,-1.534158,CV32 4YU,Socket 1,0
14497,52.293243,-1.534158,CV32 4YU,Socket 2,0
14498,52.293209,-1.534586,CV32 4YU,Socket 1,0
14498,52.293209,-1.534586,CV32 4YU,Socket 2,0
14502,52.946880,-1.037914,NG12 2FF,Socket 1,0
14502,52.946880,-1.037914,NG12 2FF,Socket 2,0
14504,52.946800,-1.037856,NG12 2FF,Socket 1,0
14504,52.946800,-1.037856,NG12 2FF,Socket 2,0
14505,52.946701,-1.037796,NG12 2FF,Socket 1,0
14505,52.946701,-1.037796,NG12 2FF,Socket 2,0
14506,52.564442,-1.679282,B78 2LN,Socket 1,0
14506,52.564442,-1.679282,B78 2LN,Socket 2,0
14507,52.564384,-1.679486,B78 2LN,Socket 1,0
14507,52.564384,-1.679486,B78 2LN,Socket 2,0
14508,52.564362,-1.679617,B78 2LN,Socket 1,0
14508,52.564362,-1.679617,B78 2LN,Socket 2,0
14509,52.564400,-1.679404,B78 2LN,Socket 1,0
14509,52.564400,-1.679404,B78 2LN,Socket 2,0
14514,52.946651,-1.037757,NG12 2FF,Socket 1,0
14514,52.946651,-1.037757,NG12 2FF,Socket 2,0
14521,52.276470,-1.599611,CV34 6HU,Socket 1,0
14521,52.276470,-1.599611,CV34 6HU,Socket 2,0
14522,52.276417,-1.599700,CV34 6HU,Socket 1,0
14522,52.276417,-1.599700,CV34 6HU,Socket 2,0
14523,52.276337,-1.599899,CV34 6HU,Socket 1,0
14523,52.276337,-1.599899,CV34 6HU,Socket 2,0
14524,52.276249,-1.599964,CV34 6HU,Socket 1,0
14524,52.276249,-1.599964,CV34 6HU,Socket 2,0
14525,52.283398,-1.592207,CV34 4DZ,Socket 1,0
14525,52.283398,-1.592207,CV34 4DZ,Socket 2,1
14526,52.283398,-1.592207,CV34 4DZ,Socket 1,0
14526,52.283398,-1.592207,CV34 4DZ,Socket 2,0
14527,52.283398,-1.592207,CV34 4DZ,Socket 1,1
14527,52.283398,-1.592207,CV34 4DZ,Socket 2,2
14528,52.283398,-1.592207,CV34 4DZ,Socket 1,1
14528,52.283398,-1.592207,CV34 4DZ,Socket 2,0
14529,52.253513,-1.386402,CV47 1PH,Socket 1,0
14529,52.253513,-1.386402,CV47 1PH,Socket 2,0
14530,52.253544,-1.386371,CV47 1PH,Socket 1,0
14530,52.253544,-1.386371,CV47 1PH,Socket 2,0
14531,52.253582,-1.386349,CV47 1PH,Socket 1,0
14531,52.253582,-1.386349,CV47 1PH,Socket 2,0
14533,52.084942,0.434989,CB9 9LB,Socket 1,0
14533,52.084942,0.434989,CB9 9LB,Socket 2,0
14534,52.084919,0.435032,CB9 9LB,Socket 1,0
14534,52.084919,0.435032,CB9 9LB,Socket 2,0
14535,52.084999,0.434900,CB9 9LB,Socket 1,0
14535,52.084999,0.434900,CB9 9LB,Socket 2,0
T175_IT1_2320_018,56.416401,-3.461197,PH1 3GA,Connector 1,0
T175_IT1_2320_018,56.416401,-3.461197,PH1 3GA,Connector 2,0
T175_IT1_2320_010,56.416451,-3.461279,PH1 3GA,Connector 1,0
T175_IT1_2320_010,56.416451,-3.461279,PH1 3GA,Connector 2,0
T175_IT1_2320_001,56.416489,-3.461342,PH1 3GA,Connector 1,0
T175_IT1_2320_001,56.416489,-3.461342,PH1 3GA,Connector 2,0
20BZ0756B,52.057732,-0.767286,BN43 6RE,Connector 1,0
20BZ0756B,52.057732,-0.767286,BN43 6RE,Connector 2,0
20BZ0756B,52.057732,-0.767286,BN43 6RE,Connector 3,0
14620,53.273533,-1.377308,S43 2PG,Socket 1,0
14620,53.273533,-1.377308,S43 2PG,Socket 2,0
14623,52.447060,0.624879,IP27 0BX,Socket 1,0
14623,52.447060,0.624879,IP27 0BX,Socket 2,0
14624,52.447083,0.625401,IP27 0BX,Socket 1,0
14624,52.447083,0.625401,IP27 0BX,Socket 2,0
14625,52.447060,0.625170,IP27 0BX,Socket 1,0
14625,52.447060,0.625170,IP27 0BX,Socket 2,0
14626,52.446964,0.625217,IP27 0BX,Socket 1,0
14626,52.446964,0.625217,IP27 0BX,Socket 2,0
14627,53.231743,-0.543809,LN1 1DD,Socket 1,0
14627,53.231743,-0.543809,LN1 1DD,Socket 2,0
14640,52.130737,-0.988444,NN12 6EX,Socket 1,0
14640,52.130737,-0.988444,NN12 6EX,Socket 2,0
14641,52.130764,-0.988351,NN12 6EX,Socket 1,0
14641,52.130764,-0.988351,NN12 6EX,Socket 2,0
14643,52.130787,-0.988259,NN12 6EX,Socket 1,0
14643,52.130787,-0.988259,NN12 6EX,Socket 2,0
14644,52.130795,-0.988201,NN12 6EX,Socket 1,0
14644,52.130795,-0.988201,NN12 6EX,Socket 2,1
14651,52.131573,-0.990807,NN12 6EX,Socket 1,1
14651,52.131573,-0.990807,NN12 6EX,Socket 2,0
14631,53.001949,-1.131087,NG5 6JA,Socket 1,0
14631,53.001949,-1.131087,NG5 6JA,Socket 2,0
14669,53.243656,-1.457367,S40 4RA,Socket 1,0
14669,53.243656,-1.457367,S40 4RA,Socket 2,0
14667,54.476715,-1.546877,DL2 2DU,Socket 1,0
14667,54.476715,-1.546877,DL2 2DU,Socket 2,0
14666,53.221344,-1.425201,S40 2TP,Socket 1,0
14666,53.221344,-1.425201,S40 2TP,Socket 2,0
14665,53.243652,-1.457416,S40 4RA,Socket 1,0
14665,53.243652,-1.457416,S40 4RA,Socket 2,0
14664,53.243645,-1.457477,S40 4RA,Socket 1,0
14664,53.243645,-1.457477,S40 4RA,Socket 2,0
14678,53.256096,-1.446258,S41 8QW,Socket 1,0
14678,53.256096,-1.446258,S41 8QW,Socket 2,0
14679,53.231693,-0.543821,LN1 1DD,Socket 1,0
14679,53.231693,-0.543821,LN1 1DD,Socket 2,0
14680,53.243656,-1.457309,S40 4RA,Socket 1,0
14680,53.243656,-1.457309,S40 4RA,Socket 2,0
14681,53.221336,-1.425147,S40 2TP,Socket 1,0
14681,53.221336,-1.425147,S40 2TP,Socket 2,0
14682,53.221340,-1.425091,S40 2TP,Socket 1,0
14682,53.221340,-1.425091,S40 2TP,Socket 2,0
14683,53.221340,-1.425021,S40 2TP,Socket 1,0
14683,53.221340,-1.425021,S40 2TP,Socket 2,0
14685,52.704605,-2.742201,SY3 7ET,Socket 1,0
14685,52.704605,-2.742201,SY3 7ET,Socket 2,0
14654,53.248386,-1.425218,S41 7JD,Socket 1,0
14654,53.248386,-1.425218,S41 7JD,Socket 2,0
14655,53.248425,-1.425238,S41 7JD,Socket 1,0
14655,53.248425,-1.425238,S41 7JD,Socket 2,0
14662,53.231731,-0.543809,LN1 1DD,Socket 1,0
14662,53.231731,-0.543809,LN1 1DD,Socket 2,0
14661,53.231674,-0.543837,LN1 1DD,Socket 1,0
14661,53.231674,-0.543837,LN1 1DD,Socket 2,0
14658,53.248447,-1.425251,S41 7JD,Socket 1,0
14658,53.248447,-1.425251,S41 7JD,Socket 2,0
14670,53.224018,-1.426953,S40 2EP,Socket 1,0
14670,53.224018,-1.426953,S40 2EP,Socket 2,0
14671,53.273540,-1.377494,S43 2PG,Socket 1,0
14671,53.273540,-1.377494,S43 2PG,Socket 2,0
14672,53.273537,-1.377367,S43 2PG,Socket 1,0
14672,53.273537,-1.377367,S43 2PG,Socket 2,0
14673,53.273540,-1.376110,S43 2PG,Socket 1,0
14673,53.273540,-1.376110,S43 2PG,Socket 2,0
14674,53.248489,-1.425268,S41 7JD,Socket 1,0
14674,53.248489,-1.425268,S41 7JD,Socket 2,0
14675,53.256012,-1.446242,S41 8QW,Socket 1,0
14675,53.256012,-1.446242,S41 8QW,Socket 2,0
14676,53.256050,-1.446250,S41 8QW,Socket 1,0
14676,53.256050,-1.446250,S41 8QW,Socket 2,0
T175_IT1_1020_033,55.863537,-3.761323,ML7 5SB,Connector 1,2
T175_IT1_1020_033,55.863537,-3.761323,ML7 5SB,Connector 2,2
14677,53.256138,-1.446266,S41 8QW,Socket 1,0
14677,53.256138,-1.446266,S41 8QW,Socket 2,0
T175_IT1_1120_004,55.863495,-3.761226,ML7 5SB,Connector 1,2
T175_IT1_1120_004,55.863495,-3.761226,ML7 5SB,Connector 2,2
T175_IT1_1020_006,55.863449,-3.761202,ML7 5SB,Connector 1,2
T175_IT1_1020_006,55.863449,-3.761202,ML7 5SB,Connector 2,2
T175_IT1_1420_017,55.863380,-3.761164,ML7 5SB,Connector 1,2
T175_IT1_1420_017,55.863380,-3.761164,ML7 5SB,Connector 2,2
T175_IT1_1420_034,55.862797,-3.757783,ML7 5SB,Connector 1,0
T175_IT1_1420_034,55.862797,-3.757783,ML7 5SB,Connector 2,0
T175_IT1_1420_046,55.862831,-3.757710,ML7 5SB,Connector 1,0
T175_IT1_1420_046,55.862831,-3.757710,ML7 5SB,Connector 2,0
T175_IT1_1420_048,55.862862,-3.757599,ML7 5SB,Connector 1,0
T175_IT1_1420_048,55.862862,-3.757599,ML7 5SB,Connector 2,0
T175_IT1_1420_050,55.862892,-3.757495,ML7 5SB,Connector 1,0
T175_IT1_1420_050,55.862892,-3.757495,ML7 5SB,Connector 2,0
T175_IT1_1420_053,55.862915,-3.757434,ML7 5SB,Connector 1,0
T175_IT1_1420_053,55.862915,-3.757434,ML7 5SB,Connector 2,0
T175_IT1_1420_072,55.862930,-3.757371,ML7 5SB,Connector 1,0
T175_IT1_1420_072,55.862930,-3.757371,ML7 5SB,Connector 2,0
14694,52.131596,-0.990760,NN12 6EX,Socket 1,0
14694,52.131596,-0.990760,NN12 6EX,Socket 2,0
14696,52.131527,-0.990897,NN12 6EX,Socket 1,0
14696,52.131527,-0.990897,NN12 6EX,Socket 2,0
14701,52.131481,-0.990961,NN12 6EX,Socket 1,0
14701,52.131481,-0.990961,NN12 6EX,Socket 2,0
14704,51.815006,-0.810646,HP20 1UG,Socket 1,0
14704,51.815006,-0.810646,HP20 1UG,Socket 2,0
14691,51.487598,-0.142779,SW1V 4LY,Socket 1,0
14691,51.487598,-0.142779,SW1V 4LY,Socket 2,0
14692,51.487598,-0.142812,SW1V 4LY,Socket 1,1
14692,51.487598,-0.142812,SW1V 4LY,Socket 2,1
14798,52.134205,-0.470333,MK40 1AS,Socket 1,0
14798,52.134205,-0.470333,MK40 1AS,Socket 2,0
14799,51.871803,0.364490,CM6 1BD,Socket 1,0
14799,51.871803,0.364490,CM6 1BD,Socket 2,1
14801,51.871815,0.364523,CM6 1BD,Socket 1,0
14801,51.871815,0.364523,CM6 1BD,Socket 2,0
14802,51.871822,0.364581,CM6 1BD,Socket 1,0
14802,51.871822,0.364581,CM6 1BD,Socket 2,0
14820,53.223984,-1.426961,S40 2EP,Socket 1,0
14820,53.223984,-1.426961,S40 2EP,Socket 2,0
14835,53.223953,-1.426962,S40 2EP,Socket 1,0
14835,53.223953,-1.426962,S40 2EP,Socket 2,0
14839,53.223927,-1.426968,S40 2EP,Socket 1,0
14839,53.223927,-1.426968,S40 2EP,Socket 2,0
T175_IT1_1220_043,52.271172,-0.900579,NN2 8DW,Connector 1,0
T175_IT1_1220_043,52.271172,-0.900579,NN2 8DW,Connector 2,0
T175_IT1_1220_044,52.271145,-0.900534,NN2 8DW,Connector 1,0
T175_IT1_1220_044,52.271145,-0.900534,NN2 8DW,Connector 2,0
14846,50.867306,-0.733566,PO18 0QB,Socket 1,1
14846,50.867306,-0.733566,PO18 0QB,Socket 2,0
14852,51.871841,0.364653,CM6 1BD,Socket 1,0
14852,51.871841,0.364653,CM6 1BD,Socket 2,0
14853,50.867214,-0.754368,PO18 0QB,Socket 1,0
14853,50.867214,-0.754368,PO18 0QB,Socket 2,0
14854,50.867352,-0.733552,PO18 0QB,Socket 1,0
14854,50.867352,-0.733552,PO18 0QB,Socket 2,0
14907,51.819191,-0.814080,HP20 2NF,Socket 1,0
14907,51.819191,-0.814080,HP20 2NF,Socket 2,0
14906,53.570343,-2.884901,L39 2EL,Socket 1,0
14906,53.570343,-2.884901,L39 2EL,Socket 2,0
14905,53.549015,-2.805236,WN8 8LH,Socket 1,0
14905,53.549015,-2.805236,WN8 8LH,Socket 2,0
14904,51.819191,-0.814080,HP20 2NF,Socket 1,0
14904,51.819191,-0.814080,HP20 2NF,Socket 2,0
14922,52.134216,-0.470274,MK40 1AS,Socket 1,0
14922,52.134216,-0.470274,MK40 1AS,Socket 2,0
14924,53.570316,-2.884780,L39 2EL,Socket 1,0
14924,53.570316,-2.884780,L39 2EL,Socket 2,0
14929,51.819191,-0.814080,HP20 2NF,Socket 1,0
14929,51.819191,-0.814080,HP20 2NF,Socket 2,1
14930,51.819191,-0.814080,HP20 2NF,Socket 1,0
14930,51.819191,-0.814080,HP20 2NF,Socket 2,1
14970,55.734493,-3.977958,ML9 1QP,Socket 1,0
14970,55.734493,-3.977958,ML9 1QP,Socket 2,0
14953,50.858337,-0.754368,PO18 0PH,Socket 1,0
14953,50.858337,-0.754368,PO18 0PH,Socket 2,0
14961,51.862869,-0.409949,LU1 3LG,Socket 1,0
14961,51.862869,-0.409949,LU1 3LG,Socket 2,0
14973,53.570278,-2.884612,L39 2EL,Socket 1,0
14973,53.570278,-2.884612,L39 2EL,Socket 2,0
14975,53.549026,-2.805127,WN8 8LH,Socket 1,0
14975,53.549026,-2.805127,WN8 8LH,Socket 2,0
14976,53.549061,-2.805051,WN8 8LH,Socket 1,0
14976,53.549061,-2.805051,WN8 8LH,Socket 2,0
14977,53.549019,-2.805301,WN8 8LH,Socket 1,0
14977,53.549019,-2.805301,WN8 8LH,Socket 2,0
14987,52.134243,-0.470190,MK40 1AS,Socket 1,1
14987,52.134243,-0.470190,MK40 1AS,Socket 2,0
14989,52.099998,-0.470395,MK40 1AS,Socket 1,0
14989,52.099998,-0.470395,MK40 1AS,Socket 2,0
14990,52.134380,-0.470383,MK40 1AS,Socket 1,0
14990,52.134380,-0.470383,MK40 1AS,Socket 2,0
14971,53.570301,-2.884685,L39 2EL,Socket 1,0
14971,53.570301,-2.884685,L39 2EL,Socket 2,0
14998,52.134361,-0.470357,MK40 1AS,Socket 1,0
14998,52.134361,-0.470357,MK40 1AS,Socket 2,0
14999,52.134327,-0.470347,MK40 1AS,Socket 1,0
14999,52.134327,-0.470347,MK40 1AS,Socket 2,2
15000,52.134296,-0.470326,MK40 1AS,Socket 1,0
15000,52.134296,-0.470326,MK40 1AS,Socket 2,0
T175_IT1_0920_061,52.905640,-1.542572,DE3 9GE,Connector 1,0
T175_IT1_0920_061,52.905640,-1.542572,DE3 9GE,Connector 2,0
T175_IT1_1220_006,52.905636,-1.542565,DE3 9GE,Connector 1,0
T175_IT1_1220_006,52.905636,-1.542565,DE3 9GE,Connector 2,0
T175_IT1_1220_048,52.511421,-0.943303,LE16 7TH,Connector 1,0
T175_IT1_1220_048,52.511421,-0.943303,LE16 7TH,Connector 2,0
T175_IT1_1320_001,52.511375,-0.943232,LE16 7TH,Connector 1,0
T175_IT1_1320_001,52.511375,-0.943232,LE16 7TH,Connector 2,0
T175_IT1_1320_004,52.511337,-0.943152,LE16 7TH,Connector 1,0
T175_IT1_1320_004,52.511337,-0.943152,LE16 7TH,Connector 2,0
T175_IT1_4019_056,52.042194,-1.137433,NN13 5SZ,Connector 1,0
T175_IT1_4019_056,52.042194,-1.137433,NN13 5SZ,Connector 2,0
T175_IT1_4019_058,52.042152,-1.137463,NN13 5SZ,Connector 1,0
T175_IT1_4019_058,52.042152,-1.137463,NN13 5SZ,Connector 2,0
10145,51.518387,-0.090660,EC2Y 8BN,Connector 1,0
10145,51.518387,-0.090660,EC2Y 8BN,Connector 2,0
14621,52.613899,-2.002220,WS3 3JR,Connector 1,0
14621,52.613899,-2.002220,WS3 3JR,Connector 2,0
14622,52.613899,-2.002220,WS3 3JR,Connector 1,0
14622,52.613899,-2.002220,WS3 3JR,Connector 2,0
14365,57.451607,-4.215617,IV2 6BZ,Connector 1,0
14365,57.451607,-4.215617,IV2 6BZ,Connector 2,0
